Temperature,Humidity,Light,CO2,HumidityRatio,Occupancy
23.18,27.272,426,721.25,0.0047929882,1
23.15,27.2675,429.5,714,0.0047834409,1
23.15,27.245,426,713.5,0.0047794635,1
23.15,27.2,426,708.25,0.0047715088,1
23.1,27.2,426,704.5,0.0047569929,1
23.1,27.2,419,701,0.0047569929,1
23.1,27.2,419,701.6666666667,0.0047569929,1
23.1,27.2,419,699,0.0047569929,1
23.1,27.2,419,689.3333333333,0.0047569929,1
23.075,27.175,419,688,0.0047453507,1
23.075,27.15,419,690.25,0.0047409519,1
23.1,27.1,419,691,0.0047393707,1
23.1,27.1666666667,419,683.5,0.0047511188,1
23.05,27.15,419,687.5,0.0047337318,1
23,27.125,419,686,0.0047149421,1
23,27.125,418.5,680.5,0.0047149421,1
23,27.2,0,681.5,0.0047280779,0
22.945,27.29,0,685,0.0047279514,0
22.945,27.39,0,685,0.0047454084,0
22.89,27.39,0,689,0.0047295062,0
22.89,27.39,0,689.5,0.0047295062,0
22.89,27.39,0,689,0.0047295062,0
22.89,27.445,0,691,0.0047390755,0
22.89,27.5,0,688,0.0047486452,0
22.89,27.5,0,689.5,0.0047486452,0
22.79,27.445,0,689,0.004710224,0
22.79,27.5,0,685.6666666667,0.004719735,0
22.79,27.5,0,687,0.004719735,0
22.79,27.5,0,688,0.004719735,0
22.745,27.5,0,670,0.0047067762,0
22.7,27.4633333333,0,668.6666666667,0.0046875431,0
22.7,27.5,0,670,0.0046938487,0
22.7,27.5,0,667,0.0046938487,0
22.6666666667,27.4266666667,0,664.5,0.0046717078,0
22.7,27.6,0,670,0.0047110465,0
22.6,27.4266666667,0,670.3333333333,0.0046526995,0
22.6,27.39,0,672,0.0046464328,0
22.6,27.3566666667,0,658,0.004640736,0
22.6,27.445,0,660.5,0.0046558328,0
22.6,27.4266666667,0,658,0.0046526995,0
22.6,27.445,0,655,0.0046558328,0
22.6,27.445,0,654.25,0.0046558328,0
22.6,27.39,0,648,0.0046464328,0
22.5,27.3233333333,0,648.6666666667,0.0046067632,0
22.5,27.445,0,646,0.004627429,0
22.5,27.5,0,646,0.0046367716,0
22.5,27.445,0,641.5,0.004627429,0
22.39,27.29,0,639,0.0045702121,0
22.5,27.5,0,640,0.0046367716,0
22.39,27.34,0,630.5,0.0045786471,0
22.39,27.3566666667,0,629.3333333333,0.0045814589,0
22.39,27.5,0,632,0.0046056409,0
22.39,27.5,0,636.5,0.0046056409,0
22.39,27.5,0,627.5,0.0046056409,0
22.39,27.39,0,626,0.0045870824,0
22.39,27.5,0,625.5,0.0046056409,0
22.34,27.39,0,623.5,0.0045730503,0
22.39,27.4633333333,0,624.6666666667,0.0045994546,0
22.39,27.39,0,622,0.0045870824,0
22.29,27.39,0,621,0.0045590561,0
22.34,27.39,0,626.5,0.0045730503,0
22.29,27.39,0,622,0.0045590561,0
22.39,27.39,0,620,0.0045870824,0
22.29,27.39,0,621.5,0.0045590561,0
22.29,27.3566666667,0,616.3333333333,0.0045534672,0
22.29,27.34,0,609,0.0045506728,0
22.29,27.39,0,614,0.0045590561,0
22.29,27.34,0,613.5,0.0045506728,0
22.29,27.34,0,611,0.0045506728,0
22.29,27.39,0,612,0.0045590561,0
22.29,27.29,0,608,0.0045422896,0
22.29,27.29,0,605.5,0.0045422896,0
22.2675,27.315,0,608.5,0.0045402136,0
22.2,27.29,0,608.5,0.0045172882,0
22.245,27.29,0,602.5,0.0045297737,0
22.2,27.29,0,598,0.0045172882,0
22.2,27.29,0,595,0.0045172882,0
22.2,27.29,0,591,0.0045172882,0
22.245,27.245,0,591,0.00452225,0
22.2,27.2,0,595,0.0045022827,0
22.2,27.29,0,594.3333333333,0.0045172882,0
22.2,27.29,0,593.5,0.0045172882,0
22.2,27.29,0,592,0.0045172882,0
22.15,27.245,0,586.5,0.0044959714,0
22.2,27.2,0,586,0.0045022827,0
22.15,27.245,0,586,0.0044959714,0
22.2,27.245,0,584.5,0.0045097854,0
22.1,27.245,0,584.5,0.0044821947,0
22.1,27.2,0,585.5,0.0044747383,0
22.1333333333,27.2,0,584.6666666667,0.0044839032,0
22.2,27.2,0,577,0.0045022827,0
22.1,27.2,0,580,0.0044747383,0
22.125,27.2,0,582,0.0044816104,0
22.2,27.2,0,580,0.0045022827,0
22.1,27.15,0,578,0.0044664536,0
22.1,27.2,0,576.5,0.0044747383,0
22.1,27.2,0,580,0.0044747383,0
22.1,27.2,0,572.5,0.0044747383,0
22.1,27.2,0,567,0.0044747383,0
22.1,27.2,0,568,0.0044747383,0
22.1,27.2,0,574.5,0.0044747383,0
22.1,27.2,0,564.3333333333,0.0044747383,0
22.1,27.2,0,563,0.0044747383,0
22.1,27.15,0,564.5,0.0044664536,0
22.0666666667,27.1666666667,0,566.3333333333,0.0044600781,0
22.1,27.1,0,562,0.0044581691,0
22,27.1,0,565.5,0.0044308756,0
22,27.1,0,570,0.0044308756,0
22.05,27.15,0,562,0.0044527627,0
22,27.1,0,560,0.0044308756,0
22,27.1,0,558,0.0044308756,0
22,27.1,0,556,0.0044308756,0
22,27.1,0,557,0.0044308756,0
21.9175,27.1,0,556.5,0.0044084694,0
21.945,27.1,0,557.5,0.004415927,0
21.9266666667,27.1,0,555,0.0044109541,0
21.89,27.1,0,555,0.004401023,0
21.89,27.1,0,553,0.004401023,0
21.89,27.1,0,549.5,0.004401023,0
21.89,27.1,0,548.5,0.004401023,0
21.89,27.1,0,551.5,0.004401023,0
21.89,27.1,0,548.5,0.004401023,0
21.89,27.1,0,548,0.004401023,0
21.89,27.1,0,547.5,0.004401023,0
21.89,27.1,0,553,0.004401023,0
21.84,27.1,0,547.5,0.0043875124,0
21.8566666667,27.1,0,548.6666666667,0.0043920118,0
21.79,27.1,0,540,0.0043740384,0
21.79,27.1,0,538,0.0043740384,0
21.79,27.1,0,542,0.0043740384,0
21.79,27.1,0,542,0.0043740384,0
21.79,27.1,0,538,0.0043740384,0
21.79,27.1,0,537.6666666667,0.0043740384,0
21.79,27.1,0,537.5,0.0043740384,0
21.79,27.1,0,536,0.0043740384,0
21.745,27.1,0,534.5,0.004361943,0
21.7,27.1,0,532.5,0.0043498771,0
21.76,27.1,0,530,0.0043659715,0
21.745,27.05,0,529.5,0.0043538388,0
21.79,27.05,0,531,0.0043659115,0
21.73,27,0,533.3333333333,0.0043417246,0
21.745,27,0,531,0.0043457348,0
21.745,27,0,529,0.0043457348,0
21.745,27,0,528.5,0.0043457348,0
21.7,27,0,525,0.0043337141,0
21.7,27,0,528.5,0.0043337141,0
21.7,27,0,530.5,0.0043337141,0
21.7,26.89,0,528,0.0043159357,0
21.7,26.89,0,526,0.0043159357,0
21.7,26.89,0,530,0.0043159357,0
21.7,26.89,0,533.3333333333,0.0043159357,0
21.7,26.89,0,529,0.0043159357,0
21.7,26.89,0,528,0.0043159357,0
21.7,26.89,0,526,0.0043159357,0
21.7,26.89,0,526,0.0043159357,0
21.7,26.79,0,521,0.0042997744,0
21.7,26.79,0,518,0.0042997744,0
21.7,26.79,0,515.5,0.0042997744,0
21.7,26.79,0,520,0.0042997744,0
21.7,26.7675,0,523.5,0.0042961382,0
21.7,26.79,0,525.5,0.0042997744,0
21.7,26.79,0,525.5,0.0042997744,0
21.7,26.79,0,514,0.0042997744,0
21.7,26.7,0,518,0.0042852299,0
21.7,26.7,0,518,0.0042852299,0
21.7,26.7,0,520,0.0042852299,0
21.6,26.7,0,521,0.0042589219,0
21.6,26.6,0,518,0.004242862,0
21.6,26.65,0,517,0.0042508918,0
21.6,26.6,0,511.5,0.004242862,0
21.65,26.65,0,514,0.0042640031,0
21.6,26.55,0,515.5,0.0042348324,0
21.6,26.5,0,517,0.004226803,0
21.6,26.5,0,515,0.004226803,0
21.6,26.5,0,512,0.004226803,0
21.6,26.5,0,515,0.004226803,0
21.65,26.55,0,511,0.0042478938,0
21.6,26.5,0,514,0.004226803,0
21.6,26.445,0,508,0.0042179709,0
21.6,26.4725,0,509.75,0.004222387,0
21.6,26.445,0,508.75,0.0042179709,0
21.6,26.445,0,508.5,0.0042179709,0
21.6,26.39,0,507,0.0042091391,0
21.6,26.39,0,507,0.0042091391,0
21.6,26.39,0,503.5,0.0042091391,0
21.6,26.39,0,504,0.0042091391,0
21.6,26.39,0,504,0.0042091391,0
21.575,26.315,0,500.5,0.0041906371,0
21.6,26.29,0,500,0.0041930818,0
21.6,26.29,0,503.5,0.0041930818,0
21.55,26.245,0,503,0.004172982,0
21.55,26.245,0,502.5,0.004172982,0
21.5,26.2,0,502,0.004152962,0
21.5666666667,26.2,0,502,0.0041700591,0
21.5,26.2,0,502.5,0.004152962,0
21.5,26.2,0,497,0.004152962,0
21.5,26.15,0,501.5,0.0041449837,0
21.5,26.15,0,504,0.0041449837,0
21.5,26.1,0,501,0.0041370056,0
21.5,26.1,0,493.75,0.0041370056,0
21.5,26.1,0,500,0.0041370056,0
21.5,26.1,0,504.5,0.0041370056,0
21.5,26.05,0,504,0.0041290277,0
21.5,26.1,0,501,0.0041370056,0
21.5,26,0,499,0.00412105,0
21.5,26,0,502,0.00412105,0
21.5,26,0,503.5,0.00412105,0
21.5,26,0,500.6666666667,0.00412105,0
21.5,26,0,493,0.00412105,0
21.5,26,0,492.5,0.00412105,0
21.5,26,0,493,0.00412105,0
21.5,25.89,0,495.5,0.0041034997,0
21.5,26,0,492.6666666667,0.00412105,0
21.5,26,0,490,0.00412105,0
21.5,25.9266666667,0,493,0.0041093497,0
21.5,25.89,0,494.6666666667,0.0041034997,0
21.5,25.89,0,496,0.0041034997,0
21.5,25.89,0,491,0.0041034997,0
21.5,25.84,0,490.5,0.0040955227,0
21.5,25.84,0,490,0.0040955227,0
21.5,25.89,0,491,0.0041034997,0
21.5,25.89,0,491.6666666667,0.0041034997,0
21.5,25.89,0,493.5,0.0041034997,0
21.4725,25.865,0,493.75,0.0040925678,0
21.5,25.84,0,490,0.0040955227,0
21.5,25.79,0,488,0.0040875458,0
21.5,25.79,0,490,0.0040875458,0
21.5,25.79,0,487,0.0040875458,0
21.445,25.745,0,492.5,0.0040665556,0
21.445,25.745,0,493.5,0.0040665556,0
21.4633333333,25.76,0,493.3333333333,0.0040735423,0
21.445,25.745,0,488,0.0040665556,0
21.5,25.79,0,487.5,0.0040875458,0
21.4266666667,25.73,0,485.3333333333,0.0040595789,0
21.39,25.7,0,484,0.0040456556,0
21.39,25.7,0,489,0.0040456556,0
21.445,25.745,0,488,0.0040665556,0
21.5,25.79,0,493,0.0040875458,0
21.39,25.7,0,491,0.0040456556,0
21.445,25.745,0,488,0.0040665556,0
21.445,25.745,0,487.25,0.0040665556,0
21.39,25.7,0,489,0.0040456556,0
21.5,25.79,0,489,0.0040875458,0
21.39,25.7,0,486,0.0040456556,0
21.4266666667,25.73,0,484.6666666667,0.0040595789,0
21.39,25.7,0,485,0.0040456556,0
21.39,25.7,0,487,0.0040456556,0
21.39,25.7,0,492,0.0040456556,0
21.39,25.7,0,490.6666666667,0.0040456556,0
21.39,25.7,0,488,0.0040456556,0
21.39,25.7,0,485.5,0.0040456556,0
21.39,25.7,0,486,0.0040456556,0
21.39,25.7,0,485.5,0.0040456556,0
21.39,25.7,0,486,0.0040456556,0
21.39,25.7,0,480,0.0040456556,0
21.39,25.7,0,481,0.0040456556,0
21.39,25.7,0,481.6666666667,0.0040456556,0
21.39,25.7,0,485.5,0.0040456556,0
21.39,25.7,0,485,0.0040456556,0
21.39,25.7,0,473,0.0040456556,0
21.39,25.7,0,475,0.0040456556,0
21.39,25.7,0,486,0.0040456556,0
21.39,25.7,0,481.5,0.0040456556,0
21.39,25.7,0,483,0.0040456556,0
21.39,25.7,0,479,0.0040456556,0
21.39,25.7,0,479,0.0040456556,0
21.39,25.7,0,479,0.0040456556,0
21.34,25.7,0,479,0.0040331953,0
21.39,25.7,0,479,0.0040456556,0
21.39,25.7,0,477,0.0040456556,0
21.39,25.7,0,477.5,0.0040456556,0
21.29,25.7,0,477.5,0.0040207687,0
21.34,25.7,0,480,0.0040331953,0
21.29,25.7,0,480,0.0040207687,0
21.34,25.7,0,482,0.0040331953,0
21.3233333333,25.7,0,480.3333333333,0.0040290493,0
21.34,25.7,0,477.5,0.0040331953,0
21.29,25.7,0,476,0.0040207687,0
21.39,25.7,0,479,0.0040456556,0
21.39,25.7,0,471,0.0040456556,0
21.29,25.7,0,474,0.0040207687,0
21.29,25.7,0,477.5,0.0040207687,0
21.34,25.7,0,476,0.0040331953,0
21.29,25.7,0,474.25,0.0040207687,0
21.39,25.7,0,475,0.0040456556,0
21.29,25.7,0,476.5,0.0040207687,0
21.34,25.7,0,474.5,0.0040331953,0
21.29,25.7,0,478,0.0040207687,0
21.29,25.7,0,475.3333333333,0.0040207687,0
21.29,25.7,0,477,0.0040207687,0
21.29,25.7,0,475.5,0.0040207687,0
21.29,25.7,0,477.5,0.0040207687,0
21.29,25.7,0,477.5,0.0040207687,0
21.29,25.7,0,478,0.0040207687,0
21.29,25.7,0,473.5,0.0040207687,0
21.29,25.7,0,472.5,0.0040207687,0
21.29,25.7,0,472,0.0040207687,0
21.29,25.7,0,469.5,0.0040207687,0
21.29,25.7,0,466.6666666667,0.0040207687,0
21.29,25.7,0,467,0.0040207687,0
21.29,25.7,0,469.5,0.0040207687,0
21.2,25.6,0,469,0.0039828281,0
21.29,25.7,0,471,0.0040207687,0
21.29,25.7,0,469,0.0040207687,0
21.26,25.6666666667,0,467.3333333333,0.0040080901,0
21.245,25.65,0,471.5,0.0040017627,0
21.23,25.6333333333,0,471.6666666667,0.0039954433,0
21.29,25.7,0,475,0.0040207687,0
21.2,25.6,0,471,0.0039828281,0
21.2,25.6,0,471,0.0039828281,0
21.245,25.65,0,471,0.0040017627,0
21.245,25.65,0,474.5,0.0040017627,0
21.2,25.6,0,475.5,0.0039828281,0
21.2,25.6,0,474,0.0039828281,0
21.2,25.6,0,469,0.0039828281,0
21.2,25.6,0,474,0.0039828281,0
21.2,25.6,0,474,0.0039828281,0
21.2,25.6,0,468.5,0.0039828281,0
21.2,25.6,0,469.5,0.0039828281,0
21.2,25.6,0,472.5,0.0039828281,0
21.2,25.6,0,467.5,0.0039828281,0
21.2,25.6,0,469,0.0039828281,0
21.2,25.55,0,466.5,0.0039749994,0
21.2,25.5,0,469.5,0.0039671709,0
21.2,25.5,0,469,0.0039671709,0
21.2,25.5,0,467,0.0039671709,0
21.2,25.5,0,467.3333333333,0.0039671709,0
21.2,25.5,0,467,0.0039671709,0
21.2,25.5,0,464.5,0.0039671709,0
21.2,25.445,0,466,0.0039585598,0
21.2,25.5,0,473,0.0039671709,0
21.2,25.39,0,475,0.003949949,0
21.2,25.39,0,471,0.003949949,0
21.2,25.39,0,470,0.003949949,0
21.2,25.39,0,466.25,0.003949949,0
21.2,25.39,0,467,0.003949949,0
21.2,25.39,0,473,0.003949949,0
21.2,25.39,0,468,0.003949949,0
21.2,25.39,0,463,0.003949949,0
21.2,25.39,0,466,0.003949949,0
21.2,25.39,0,467,0.003949949,0
21.2,25.29,0,468,0.0039342935,0
21.2,25.39,0,468,0.003949949,0
21.2,25.29,0,468,0.0039342935,0
21.2,25.34,0,465.5,0.0039421211,0
21.2,25.39,0,464,0.003949949,0
21.2,25.34,0,464.5,0.0039421211,0
21.2,25.29,0,465.6666666667,0.0039342935,0
21.2,25.365,0,465.75,0.003946035,0
21.2,25.39,0,464,0.003949949,0
21.2,25.39,0,467,0.003949949,0
21.15,25.39,0,466.5,0.0039377675,0
21.2,25.39,0,465,0.003949949,0
21.2,25.39,0,462,0.003949949,0
21.2,25.39,0,459.6666666667,0.003949949,0
21.2,25.29,0,458,0.0039342935,0
21.2,25.34,0,462.5,0.0039421211,0
21.2,25.29,0,467,0.0039342935,0
21.2,25.29,0,466.5,0.0039342935,0
21.2,25.29,0,463,0.0039342935,0
21.2,25.29,0,465,0.0039342935,0
21.2,25.29,0,463.25,0.0039342935,0
21.2,25.29,0,460,0.0039342935,0
21.2,25.29,0,457,0.0039342935,0
21.2,25.29,0,456,0.0039342935,0
21.245,25.245,0,454,0.003938177,0
21.23,25.23,0,454,0.0039321787,0
21.29,25.29,0,458,0.0039562162,0
21.2,25.2,0,456,0.0039202042,0
21.245,25.245,0,456.5,0.003938177,0
21.245,25.245,0,458.5,0.003938177,0
21.26,25.26,0,459.6666666667,0.0039441826,0
21.245,25.245,0,464,0.003938177,0
21.245,25.2,0,465,0.0039311127,0
21.29,25.2,0,461,0.0039420479,0
21.245,25.2,0,458.5,0.0039311127,0
21.29,25.2,0,459,0.0039420479,0
21.29,25.2,0,451,0.0039420479,0
21.29,25.2,0,456,0.0039420479,0
21.29,25.2,0,463,0.0039420479,0
21.29,25.2,0,461.6666666667,0.0039420479,0
21.29,25.2,0,458,0.0039420479,0
21.29,25.2,0,450,0.0039420479,0
21.29,25.2,0,457,0.0039420479,0
21.29,25.2,0,456,0.0039420479,0
21.29,25.2,0,456,0.0039420479,0
21.29,25.2,0,461,0.0039420479,0
21.29,25.2,0,463,0.0039420479,0
21.29,25.2,0,460,0.0039420479,0
21.29,25.2,0,456,0.0039420479,0
21.29,25.2,0,454.5,0.0039420479,0
21.29,25.2,0,448.5,0.0039420479,0
21.29,25.2,0,453.5,0.0039420479,0
21.29,25.2,0,454,0.0039420479,0
21.29,25.2,0,454,0.0039420479,0
21.29,25.245,0,450.5,0.003949132,0
21.29,25.245,0,453,0.003949132,0
21.2,25.2,0,457,0.0039202042,0
21.2,25.2,0,452.5,0.0039202042,0
21.2,25.2,0,449,0.0039202042,0
21.2,25.2,0,458.6666666667,0.0039202042,0
21.2,25.2,0,454.5,0.0039202042,0
21.2,25.245,0,455.5,0.0039272488,0
21.2,25.245,0,453.5,0.0039272488,0
21.2,25.29,0,452,0.0039342935,0
21.2,25.29,0,451.5,0.0039342935,0
21.2,25.29,0,451,0.0039342935,0
21.1666666667,25.3566666667,0,450.3333333333,0.0039366165,0
21.1666666667,25.39,0,450,0.0039418243,0
21.15,25.39,0,453.5,0.0039377675,0
21.1,25.39,0,454,0.0039256191,0
21.15,25.39,0,452.5,0.0039377675,0
21.1,25.39,0,454,0.0039256191,0
21.1,25.39,0,457,0.0039256191,0
21.1,25.4633333333,0,450.3333333333,0.0039370291,0
21.1,25.5,0,451,0.0039427343,0
21.1,25.5,0,451,0.0039427343,0
21.05,25.445,0,449,0.0039220347,0
21.1,25.5,0,449,0.0039427343,0
21.05,25.445,0,450,0.0039220347,0
21.05,25.445,0,449,0.0039220347,0
21.1,25.5,0,445,0.0039427343,0
21,25.39,0,443,0.0039014214,0
21.1,25.5,0,446.5,0.0039427343,0
21.1,25.5,0,446,0.0039427343,0
21.1,25.5,0,451.5,0.0039427343,0
21.1,25.39,0,445,0.0039256191,0
21.1,25.39,0,449,0.0039256191,0
21.1,25.39,0,451.6666666667,0.0039256191,0
21.1,25.39,0,452,0.0039256191,0
21.1,25.39,0,451,0.0039256191,0
21.05,25.34,0,450,0.0039057486,0
21.1,25.39,0,450,0.0039256191,0
21.1,25.39,0,448,0.0039256191,0
21.1,25.39,0,450.6666666667,0.0039256191,0
21.1,25.39,0,450,0.0039256191,0
21.15,25.39,0,446,0.0039377675,0
21.1,25.39,0,444,0.0039256191,0
21.125,25.39,0,447.5,0.0039316891,0
21.1333333333,25.39,0,443.3333333333,0.0039337143,0
21.1,25.34,0,443.5,0.0039178397,0
21.1,25.34,0,444,0.0039178397,0
21.15,25.34,0,449,0.0039299639,0
21.2,25.29,0,449.3333333333,0.0039342935,0
21.15,25.29,0,448,0.0039221605,0
21.15,25.245,0,449.5,0.0039151377,0
21.2,25.245,0,450,0.0039272488,0
21.2,25.2,0,447,0.0039202042,0
21.2,25.2,0,446,0.0039202042,0
21.1333333333,25.2,0,443,0.0039040925,0
21.1666666667,25.2,0,444,0.0039121411,0
21.2,25.2,0,444.5,0.0039202042,0
21.2,25.2,0,445,0.0039202042,0
21.2,25.2,0,451,0.0039202042,0
21.2,25.2,0,450,0.0039202042,0
21.2,25.2,0,444,0.0039202042,0
21.2,25.2,0,443,0.0039202042,0
21.2,25.1,0,438.5,0.0039045502,0
21.2,25.1,0,441,0.0039045502,0
21.2,25.1,0,444,0.0039045502,0
21.2,25.15,0,441.5,0.0039123771,0
21.2,25.1,0,441,0.0039045502,0
21.2,25.1,0,439.5,0.0039045502,0
21.2,25.1,0,441,0.0039045502,0
21.2,25.1,0,442,0.0039045502,0
21.2,25.1,0,441,0.0039045502,0
21.2,25.1,0,436,0.0039045502,0
21.2,25.1,0,442.5,0.0039045502,0
21.2,25.1,0,446,0.0039045502,0
21.2,25.1,0,443,0.0039045502,0
21.2,25.1,0,437.5,0.0039045502,0
21.2,25.1,0,440.5,0.0039045502,0
21.2,25.05,0,439.5,0.0038967235,0
21.2,25,0,443,0.0038888969,0
21.2,25,0,443,0.0038888969,0
21.2,25,0,438.5,0.0038888969,0
21.2,25,0,438,0.0038888969,0
21.2,25,0,442.3333333333,0.0038888969,0
21.2,25,0,448,0.0038888969,0
21.2,25.1,0,447.5,0.0039045502,0
21.125,25.1,0,445.75,0.0038865015,0
21.1,25,0,439,0.0038649454,0
21.1,25.1,0,440,0.0038805016,0
21.1,25.1,0,441.5,0.0038805016,0
21.1,25.0666666667,0,439,0.0038753161,0
21.1,25,0,439,0.0038649454,0
21.1,25.1,0,437.5,0.0038805016,0
21.05,25.05,0,437.5,0.0038607723,0
21.1,25.1,0,439.3333333333,0.0038805016,0
21.1,25.1,0,443,0.0038805016,0
21,25,0,440.5,0.003841124,0
21,25,0,442.3333333333,0.003841124,0
21,25,0,440.6666666667,0.003841124,0
21,25,0,440,0.003841124,0
21,25,0,439,0.003841124,0
21,25,0,442,0.003841124,0
21,25,0,443.5,0.003841124,0
21,25,0,445,0.003841124,0
21,25,0,445,0.003841124,0
21,25.05,0,442.5,0.0038488538,0
21,25.1,0,440,0.0038565838,0
21,25,0,439.5,0.003841124,0
21,25,0,438.5,0.003841124,0
21,25,0,435,0.003841124,0
21,25,0,439.5,0.003841124,0
21,25,0,440.5,0.003841124,0
21,25,0,439.5,0.003841124,0
21,25,0,441,0.003841124,0
21,25,0,442,0.003841124,0
21,25,0,445,0.003841124,0
21,25,0,444,0.003841124,0
21,25,0,445,0.003841124,0
21,24.89,0,444,0.0038241192,0
21,24.89,0,443,0.0038241192,0
21,24.89,0,448,0.0038241192,0
21.05,24.945,0,443,0.0038444894,0
21.05,24.945,0,440,0.0038444894,0
21,24.89,0,440,0.0038241192,0
21.0333333333,24.9266666667,0,441,0.0038376898,0
21.05,24.945,0,440.5,0.0038444894,0
21.05,24.945,0,444.5,0.0038444894,0
21.1,25,0,446,0.0038649454,0
21.05,24.945,0,442.5,0.0038444894,0
21,24.89,0,439,0.0038241192,0
21.1,24.89,0,441,0.0038478344,0
21.1,24.89,0,438.3333333333,0.0038478344,0
21.0333333333,24.89,0,439.5,0.0038320099,0
21.075,24.9725,0,440.75,0.0038547067,0
21.0333333333,24.9266666667,0,437,0.0038376898,0
21.1,24.945,0,440.5,0.0038563898,0
21.1,24.9175,0,442.25,0.0038521121,0
21.1,24.89,0,435,0.0038478344,0
21.1,24.89,0,435.5,0.0038478344,0
21.1,24.89,0,432,0.0038478344,0
21.1,24.89,0,439.5,0.0038478344,0
21.05,24.84,0,442.5,0.0038282074,0
21.1,24.89,0,438.5,0.0038478344,0
21.05,24.84,0,435.5,0.0038282074,0
21.0666666667,24.8566666667,0,437.3333333333,0.0038347408,0
21.1,24.89,0,437,0.0038478344,0
21.0333333333,24.8233333333,0,438,0.003821683,0
21.025,24.84,0,435,0.0038222947,0
21,24.79,0,440,0.003808661,0
21,24.8233333333,0,441.3333333333,0.0038138136,0
21,24.8566666667,0,435,0.0038189663,0
21,24.89,0,432,0.0038241192,0
21,24.89,0,435.5,0.0038241192,0
21,24.89,0,444,0.0038241192,0
21,24.84,0,444.5,0.00381639,0
21,24.89,0,446,0.0038241192,0
21,24.89,0,445,0.0038241192,0
21,24.89,0,438.3333333333,0.0038241192,0
21,24.89,0,445.5,0.0038241192,0
21,24.89,0,439,0.0038241192,0
21,24.89,0,439,0.0038241192,0
20.945,24.89,0,439.5,0.0038111307,0
20.9633333333,24.89,0,443.3333333333,0.0038154559,0
20.89,24.89,0,443.5,0.0037981813,0
20.9266666667,24.89,0,444,0.0038068099,0
21,24.89,0,447.5,0.0038241192,0
20.89,24.89,0,445.5,0.0037981813,0
20.89,24.89,0,443,0.0037981813,0
20.89,24.89,0,438,0.0037981813,0
20.89,24.89,0,428,0.0037981813,0
20.89,24.89,0,431,0.0037981813,0
20.89,24.89,0,441,0.0037981813,0
20.89,24.89,0,446,0.0037981813,0
20.89,24.89,0,447,0.0037981813,0
20.89,24.89,0,439,0.0037981813,0
20.89,24.89,0,438.3333333333,0.0037981813,0
20.89,24.89,0,442,0.0037981813,0
20.9266666667,24.79,0,443.3333333333,0.0037914222,0
20.89,24.79,0,448,0.0037828286,0
20.89,24.79,0,444.5,0.0037828286,0
20.9266666667,24.79,0,443.3333333333,0.0037914222,0
20.945,24.79,0,445,0.0037957254,0
21,24.7,0,445,0.0037947493,0
21,24.7,0,443.5,0.0037947493,0
21,24.7,0,439,0.0037947493,0
21,24.7,0,441.5,0.0037947493,0
21,24.6333333333,0,441.3333333333,0.0037844448,0
21,24.6,0,441,0.0037792926,0
21,24.6,0,441,0.0037792926,0
21,24.6,0,440,0.0037792926,0
21,24.6,0,436,0.0037792926,0
21,24.6,0,444,0.0037792926,0
21,24.6,0,442,0.0037792926,0
21,24.6,0,443.6666666667,0.0037792926,0
21,24.6,0,439.5,0.0037792926,0
21,24.5666666667,0,439.3333333333,0.0037741405,0
21,24.55,0,443.5,0.0037715645,0
21,24.5,0,445,0.0037638367,0
21,24.5,0,441.5,0.0037638367,0
21,24.5,0,445,0.0037638367,0
21,24.5,0,444.5,0.0037638367,0
21,24.5,0,443.6666666667,0.0037638367,0
21,24.5,0,445.5,0.0037638367,0
21,24.445,0,445,0.0037553362,0
21,24.445,0,443.5,0.0037553362,0
21,24.39,0,447,0.003746836,0
21,24.39,0,444,0.003746836,0
21,24.5,0,442.5,0.0037638367,0
21,24.4266666667,0,445,0.0037525028,0
21,24.5,0,444,0.0037638367,0
21,24.39,0,440,0.003746836,0
21,24.39,0,445.5,0.003746836,0
21,24.39,0,444.5,0.003746836,0
21,24.39,0,442.5,0.003746836,0
21,24.39,0,444,0.003746836,0
21,24.39,0,442,0.003746836,0
21,24.3566666667,0,442.6666666667,0.0037416845,0
21,24.29,0,439,0.0037313817,0
20.89,24.39,0,440,0.0037214254,0
20.945,24.39,0,440,0.0037341117,0
21,24.39,0,444,0.003746836,0
20.89,24.39,0,439.5,0.0037214254,0
20.89,24.39,0,440,0.0037214254,0
20.89,24.39,0,440,0.0037214254,0
20.89,24.29,0,442,0.0037060765,0
20.89,24.34,0,445,0.0037137509,0
20.8566666667,24.3566666667,0,447,0.0037086495,0
20.89,24.39,0,446,0.0037214254,0
20.89,24.34,0,445,0.0037137509,0
20.89,24.39,0,445,0.0037214254,0
20.89,24.29,0,443,0.0037060765,0
20.89,24.29,0,442,0.0037060765,0
20.84,24.245,0,444,0.003687739,0
20.89,24.39,0,443.5,0.0037214254,0
20.89,24.29,0,441,0.0037060765,0
20.8566666667,24.26,0,441,0.0036938432,0
20.89,24.29,0,444,0.0037060765,0
20.89,24.29,0,445.5,0.0037060765,0
20.89,24.29,0,441,0.0037060765,0
20.89,24.29,0,445.3333333333,0.0037060765,0
20.89,24.2,0,442,0.0036922631,0
20.89,24.29,0,442,0.0037060765,0
20.89,24.2,0,446.5,0.0036922631,0
20.8566666667,24.1666666667,0,444.3333333333,0.0036795482,0
20.89,24.2,0,445.5,0.0036922631,0
20.89,24.2,0,441.5,0.0036922631,0
20.865,24.175,0,447.25,0.0036827236,0
20.89,24.2,0,448,0.0036922631,0
20.89,24.175,0,447.25,0.0036884262,0
20.89,24.2,0,439,0.0036922631,0
20.89,24.15,0,440,0.0036845893,0
20.89,24.2,0,440,0.0036922631,0
20.89,24.1,0,445,0.0036769156,0
20.89,24,0,438,0.0036615689,0
20.945,24,0,438.5,0.0036740499,0
21,24,0,440,0.0036865684,0
20.945,24,0,446,0.0036740499,0
20.945,24,0,447,0.0036740499,0
20.9266666667,24,0,447,0.0036698854,0
20.89,24,0,445,0.0036615689,0
20.89,24,0,446.5,0.0036615689,0
20.945,24,0,446,0.0036740499,0
20.89,23.89,0,453,0.0036446884,0
21,23.89,0,451,0.0036695719,0
21,23.84,0,448.5,0.0036618466,0
21,23.8233333333,0,444.6666666667,0.0036592715,0
21,23.79,0,447,0.0036541214,0
21,23.79,0,447,0.0036541214,0
21,23.79,0,445,0.0036541214,0
21,23.79,0,446.5,0.0036541214,0
21,23.79,0,446.5,0.0036541214,0
21,23.7675,0,442.25,0.0036506452,0
21,23.79,0,443,0.0036541214,0
21,23.79,0,443,0.0036541214,0
20.9633333333,23.79,0,442.3333333333,0.0036458455,0
20.89,23.79,0,444.5,0.0036293433,0
20.89,23.73,0,443.3333333333,0.0036201365,0
20.9175,23.7225,0,446.5,0.0036251486,0
20.89,23.7,0,449,0.0036155333,0
20.89,23.7,0,449.5,0.0036155333,0
20.89,23.6,0,448.5,0.0036001896,0
20.89,23.7,0,446,0.0036155333,0
20.89,23.6,0,446,0.0036001896,0
20.89,23.6,0,444,0.0036001896,0
20.89,23.6,0,443.3333333333,0.0036001896,0
20.89,23.6333333333,0,441.6666666667,0.003605304,0
20.89,23.6,0,449.5,0.0036001896,0
20.89,23.6,0,448.5,0.0036001896,0
20.89,23.6,0,450,0.0036001896,0
20.89,23.6,0,448.5,0.0036001896,0
20.945,23.6,0,446.5,0.0036124601,0
20.89,23.6,0,452.5,0.0036001896,0
20.89,23.6,0,451,0.0036001896,0
20.945,23.5,0,450.6666666667,0.0035970646,0
20.89,23.5,0,449,0.0035848466,0
20.945,23.5,0,449,0.0035970646,0
20.945,23.5,0,448.5,0.0035970646,0
20.89,23.5,0,452,0.0035848466,0
20.89,23.5,0,444,0.0035848466,0
20.89,23.5,0,443.5,0.0035848466,0
20.89,23.5,0,446,0.0035848466,0
20.89,23.5,0,449,0.0035848466,0
20.9266666667,23.5,0,448,0.0035929878,0
20.89,23.5,0,448,0.0035848466,0
20.89,23.5,0,449,0.0035848466,0
20.945,23.5,0,443,0.0035970646,0
20.89,23.5,0,444.25,0.0035848466,0
20.89,23.5,0,445.3333333333,0.0035848466,0
20.89,23.5,0,444.5,0.0035848466,0
20.89,23.5,0,446.5,0.0035848466,0
20.89,23.445,0,446,0.0035764083,0
20.89,23.445,0,448.5,0.0035764083,0
20.89,23.39,0,450,0.0035679702,0
20.89,23.445,0,450.5,0.0035764083,0
20.89,23.5,0,448,0.0035848466,0
20.89,23.5,0,448.3333333333,0.0035848466,0
20.89,23.445,0,446.5,0.0035764083,0
20.89,23.5,0,442.5,0.0035848466,0
20.89,23.5,0,440.5,0.0035848466,0
20.89,23.5,0,443,0.0035848466,0
20.89,23.5,0,453,0.0035848466,0
20.89,23.4266666667,0,450,0.0035735956,0
20.89,23.445,0,451,0.0035764083,0
20.89,23.39,0,452.3333333333,0.0035679702,0
20.89,23.445,0,448,0.0035764083,0
20.89,23.39,0,448,0.0035679702,0
20.84,23.395,0,446.5,0.0035577118,0
20.89,23.39,0,449,0.0035679702,0
20.84,23.34,0,446.5,0.0035493002,0
20.89,23.39,0,448,0.0035679702,0
20.89,23.39,0,450.5,0.0035679702,0
20.89,23.39,0,450.5,0.0035679702,0
20.84,23.34,0,448,0.0035493002,0
20.89,23.39,0,448,0.0035679702,0
20.89,23.34,0,451,0.0035602994,0
20.865,23.2925,0,450,0.0035475203,0
20.89,23.34,0,448.5,0.0035602994,0
20.8566666667,23.26,0,449.5,0.0035407158,0
20.89,23.29,0,446,0.0035526288,0
20.89,23.29,0,443,0.0035526288,0
20.89,23.29,0,443,0.0035526288,0
20.89,23.29,0,448,0.0035526288,0
20.84,23.245,0,448.5,0.0035347715,0
20.89,23.29,0,448.5,0.0035526288,0
20.89,23.29,0,448,0.0035526288,0
20.89,23.29,0,450.5,0.0035526288,0
20.89,23.2,0,451,0.0035388222,0
20.89,23.2,0,453,0.0035388222,0
20.89,23.2,0,449,0.0035388222,0
20.89,23.2,0,448.5,0.0035388222,0
20.89,23.2,0,448.5,0.0035388222,0
20.89,23.15,0,448.5,0.0035311521,0
20.89,23.15,0,453.5,0.0035311521,0
20.84,23.075,0,451,0.0035087745,0
20.89,23.1,0,451.3333333333,0.0035234823,0
20.89,23.1,0,452,0.0035234823,0
20.89,23.1,0,452.5,0.0035234823,0
20.8566666667,23.0666666667,0,450.5,0.0035111198,0
20.89,23.1,0,445.6666666667,0.0035234823,0
20.89,23.1,0,449.5,0.0035234823,0
20.89,23.1,0,450,0.0035234823,0
20.89,23.1,0,454,0.0035234823,0
20.89,23.1,0,452,0.0035234823,0
20.89,23.1,0,453.75,0.0035234823,0
20.89,23.1,0,448.5,0.0035234823,0
20.89,23.1,0,447,0.0035234823,0
20.89,23.1,0,447.75,0.0035234823,0
20.89,23.1,0,452,0.0035234823,0
20.89,23,0,454,0.0035081431,0
20.84,23.05,0,455,0.0035049516,0
20.89,23.1,0,455,0.0035234823,0
20.8566666667,23.0666666667,0,449,0.0035111198,0
20.89,23,0,449,0.0035081431,0
20.89,23,0,452,0.0035081431,0
20.89,23,0,449,0.0035081431,0
20.79,22.89,0,450,0.0034697306,0
20.79,22.89,0,452,0.0034697306,0
20.84,22.945,0,449,0.0034888958,0
20.79,22.89,0,448.3333333333,0.0034697306,0
20.79,22.84,0,448,0.0034621093,0
20.79,22.84,0,449.5,0.0034621093,0
20.79,22.89,0,454,0.0034697306,0
20.79,22.89,0,452,0.0034697306,0
20.79,22.89,0,454.5,0.0034697306,0
20.7,22.89,0,454.5,0.0034504446,0
20.745,22.84,0,454,0.0034524758,0
20.7,22.89,0,454.5,0.0034504446,0
20.745,22.84,0,454,0.0034524758,0
20.79,22.79,0,458,0.0034544881,0
20.7,22.79,0,455.5,0.0034352873,0
20.7,22.79,0,452,0.0034352873,0
20.76,22.79,0,458.3333333333,0.0034480774,0
20.7,22.79,0,460,0.0034352873,0
20.7,22.79,0,455,0.0034352873,0
20.7,22.79,0,455,0.0034352873,0
20.73,22.79,0,449,0.0034416771,0
20.7,22.79,0,459,0.0034352873,0
20.7,22.7,0,457,0.0034216464,0
20.73,22.7,0,454,0.0034280107,0
20.7,22.7,0,452.5,0.0034216464,0
20.7,22.7675,0,456.75,0.0034318771,0
20.7,22.79,0,454.5,0.0034352873,0
20.7,22.7,0,453.5,0.0034216464,0
20.7,22.7,0,458,0.0034216464,0
20.7,22.7,0,451.5,0.0034216464,0
20.7,22.7,0,451,0.0034216464,0
20.7,22.7,0,455.6666666667,0.0034216464,0
20.7,22.7,0,457.5,0.0034216464,0
20.7,22.7,0,452,0.0034216464,0
20.7,22.65,0,451,0.0034140684,0
20.7,22.6333333333,0,454.6666666667,0.0034115424,0
20.7,22.6,0,454.6666666667,0.0034064905,0
20.7,22.6,0,454.5,0.0034064905,0
20.7,22.6,0,456,0.0034064905,0
20.7,22.5,0,455,0.0033913354,0
20.7,22.5,0,451.5,0.0033913354,0
20.7,22.5,0,455,0.0033913354,0
20.7,22.5,0,454.5,0.0033913354,0
20.7,22.5,0,451.6666666667,0.0033913354,0
20.7,22.5,0,453.5,0.0033913354,0
20.7,22.5,0,456.5,0.0033913354,0
20.7,22.5,0,457,0.0033913354,0
20.7,22.5,0,454,0.0033913354,0
20.7,22.5,0,453.5,0.0033913354,0
20.7,22.5,0,457,0.0033913354,0
20.7,22.445,0,459,0.0033830004,0
20.7,22.5,0,459,0.0033913354,0
20.7,22.39,0,454.75,0.0033746656,0
20.7,22.39,0,457,0.0033746656,0
20.7,22.39,0,458,0.0033746656,0
20.7,22.39,0,449,0.0033746656,0
20.7,22.39,0,451,0.0033746656,0
20.7,22.39,0,457.5,0.0033746656,0
20.7,22.39,356,457,0.0033746656,1
20.7,22.4175,426,460.25,0.0033788329,0
20.7,22.5,423.6666666667,465.3333333333,0.0033913354,0
20.7,22.4633333333,423.6666666667,472.6666666667,0.0033857787,0
20.7225,22.5,419,470.75,0.0033960651,1
20.73,22.5,419,472,0.003397643,1
20.7225,22.525,419,470.5,0.0033998591,1
20.7675,22.65,411,478,0.0034283708,1
20.79,22.79,411,492,0.0034544881,1
20.815,22.8675,411,497.75,0.0034716697,1
20.8233333333,23.0333333333,408.3333333333,499,0.0034987918,1
20.815,23.025,400,507,0.0034957152,1
20.89,23.175,396,514.75,0.0035349872,1
20.89,23.29,396,515,0.0035526288,1
20.89,23.29,396,520.75,0.0035526288,1
20.89,23.29,396,526,0.0035526288,1
20.89,23.3233333333,398.3333333333,527,0.0035577425,1
20.945,23.39,399.5,531.25,0.0035801303,1
20.9633333333,23.4633333333,413,536,0.0035954941,1
21,23.5,411,542.75,0.0036093192,1
21,23.5,411,541,0.0036093192,1
21,23.5666666667,411,548.5,0.003619618,1
21,23.6,412.2,553.25,0.0036247675,1
21,23.6,405,559.25,0.0036247675,1
21,23.6,405,567.3333333333,0.0036247675,1
21,23.7,405,569,0.0036402166,1
21,23.7,405,576,0.0036402166,1
21.025,23.7225,405,578.75,0.0036493287,1
21.025,23.7225,412,585.75,0.0036493287,1
21.05,23.745,419,590,0.0036584593,1
21.025,23.7225,419,590,0.0036493287,1
21.1,23.76,419,587.6666666667,0.0036721124,1
21.075,23.72,419,594,0.0036602355,1
21.0333333333,23.6666666667,419,602.3333333333,0.0036425652,1
21.075,23.7675,419,611,0.0036676085,1
21.1,23.79,419,611.3333333333,0.0036767763,1
21.1,23.79,419,613,0.0036767763,1
21.1,23.73,419,615,0.0036674485,1
21.15,23.7225,419,615.75,0.0036776237,1
21.2,23.745,419,620.5,0.0036925154,1
21.2,23.79,419,630.6666666667,0.0036995548,1
21.2,23.79,419,640.5,0.0036995548,1
21.26,23.8566666667,423.6666666667,641,0.0037237496,1
21.29,23.865,422.5,650.75,0.0037319602,1
21.29,23.89,422.5,650.5,0.0037358931,0
21.29,23.89,419,651,0.0037358931,1
21.3233333333,23.9266666667,428.3333333333,654.6666666667,0.0037493639,1
21.29,24,424.6,664.25,0.0037531986,1
21.34,24,426,675.4,0.0037647932,1
21.29,24.05,429.5,675,0.0037610651,1
21.29,24.1,419,679,0.0037689317,1
21.315,24.175,426,685.5,0.0037865682,1
21.29,24.2,419,689.3333333333,0.0037846656,1
21.29,24.2,433,692.75,0.0037846656,1
21.34,24.15,433,695.5,0.0037884665,1
21.3233333333,24.1,433,693.3333333333,0.0037766905,1
21.29,24.1,433,694.25,0.0037689317,1
21.34,24.2225,433,703,0.0037999092,1
21.29,24.29,433,704.5,0.0037988268,1
21.34,24.29,433,709,0.0038105632,1
21.34,24.29,433,721.5,0.0038105632,1
21.3233333333,24.29,426.6666666667,727,0.0038066475,1
21.3566666667,24.29,436.3333333333,733,0.0038144824,1
21.365,24.29,429,736.25,0.0038164434,1
21.39,24.29,429,742,0.0038223315,1
21.3566666667,24.29,429,742.6666666667,0.0038144824,1
21.3233333333,24.29,434,737,0.0038066475,1
21.39,24.2675,444,739.25,0.0038187691,1
21.3233333333,24.29,444,752,0.0038066475,1
21.39,24.29,444,753.75,0.0038223315,1
21.365,24.2225,441.75,746.25,0.0038057729,1
21.39,24.26,446,754.6666666667,0.0038175817,1
21.39,24.26,439,755.3333333333,0.0038175817,1
21.39,24.29,446.5,758.25,0.0038223315,1
21.39,24.29,446,766.6,0.0038223315,1
21.39,24.29,451.5,781,0.0038223315,1
21.4175,24.315,455.25,785.5,0.0038327828,1
21.39,24.29,447.3333333333,789.6666666667,0.0038223315,1
21.445,24.34,444,787.5,0.0038432573,1
21.4633333333,24.3566666667,455.6666666667,787.6666666667,0.0038502533,1
21.5,24.39,454,782.5,0.0038642765,1
21.5,24.39,457.3333333333,782.3333333333,0.0038642765,1
21.5,24.39,454,786,0.0038642765,1
21.5,24.3566666667,465.6666666667,786.6666666667,0.0038589625,1
21.5,24.365,465.5,785.25,0.003860291,1
21.5,24.29,469.6666666667,788,0.0038483348,1
21.525,24.5425,478.5,791.25,0.0038945831,1
21.55,24.5175,471.25,808.75,0.003896587,1
21.6,24.39,473,812,0.00388815,1
21.6,24.55,484.5,811,0.003913817,1
21.7,24.7,482.5,817.75,0.0039621942,1
21.7,24.6966666667,487.5,833.25,0.0039616561,1
21.7675,24.865,490,847.75,0.0040054291,1
21.79,24.89,492,854,0.0040150338,1
21.815,24.9175,497.25,863.5,0.0040256818,1
21.84,25.0225,495.5,869.75,0.0040489739,1
21.89,25.15,495.5,880,0.0040822658,1
21.89,25.2,497,895.75,0.004090435,1
21.89,25.2,497,895.5,0.004090435,1
21.89,25.2925,495.5,910.75,0.0041055486,1
21.9175,25.39,494,919.25,0.0041284503,1
21.9633333333,25.3933333333,498.6666666667,925.3333333333,0.0041406378,1
22,25.4725,504.25,933.75,0.0041629968,1
22,25.5,506,936,0.0041675213,1
22,25.519,505.75,939.375,0.0041706473,1
22,25.538,505.5,942.75,0.0041737734,1
22.025,25.5975,518.5,948.25,0.00418999,1
22.05,25.7475,508.5,961.5,0.0042211833,1
22.0666666667,25.7933333333,503.6666666667,969.3333333333,0.0042330771,1
22.0666666667,25.8933333333,496.3333333333,973.6666666667,0.0042496008,1
22.1,25.9266666667,503,986.3333333333,0.0042638231,1
22.1,25.945,506,994.5,0.0042668588,1
22.1,26.075,489.5,1003.25,0.0042883858,1
22.1,25.83,478,1006.6666666667,0.004247817,1
22.1,25.8233333333,478,1009,0.0042467132,1
22.1,25.8,483.25,998.75,0.0042428498,1
22.1,25.8225,484,998,0.0042465752,1
22.1,26.05,476,1008,0.0042842459,1
22.1,26.1,486.5,1021,0.0042925257,1
22.1,26.0725,476.25,1029.5,0.0042879718,1
22.1,25.745,469,1025,0.0042337434,1
22.1,25.7933333333,459,1015,0.004241746,1
22.1,25.945,459,1011,0.0042668588,1
22.1,26.03,459,1011.6666666667,0.004280934,1
22.125,26.025,460.25,1025,0.0042866772,1
22.1,26.1,446.5,1026.75,0.0042925257,1
22.1,26.1,466.5,1035,0.0042925257,1
22.1,26.175,450.25,1032,0.0043049459,1
22.1,26.2,439,1025.6666666667,0.0043090861,1
22.1,26.1975,450.25,1026.5,0.0043086721,1
22.1,26.2,454,1024,0.0043090861,1
22.075,26.2,450.25,1023.5,0.0043024791,1
22.075,26.2225,454,1026.5,0.0043061995,1
22.1,26.29,454,1031.3333333333,0.0043239912,1
22.1,26.29,454,1027,0.0043239912,1
22.1,26.29,457.75,1031,0.0043239912,1
22.1,26.3566666667,462.3333333333,1033,0.0043350325,1
22.1,26.315,454,1037,0.0043281317,1
22.1,26.39,456.5,1038,0.0043405533,1
22.1,26.39,454,1034.5,0.0043405533,1
22.1,26.39,461.5,1038.5,0.0043405533,1
22.1,26.39,444,1037,0.0043405533,1
22.1,26.5225,449.5,1037.5,0.0043624994,1
22.125,26.4425,449.5,1032.75,0.0043559268,1
22.1,26.47,449.5,1031.5,0.0043538036,1
22.1,26.445,460,1039.25,0.0043496628,1
22.1,26.5,453,1038,0.0043587726,1
22.1,26.445,449.5,1040.25,0.0043496628,1
22.1,26.5,449.5,1036.75,0.0043587726,1
22.1,26.55,460,1045.5,0.0043670544,1
22.1,26.5,453,1038,0.0043587726,1
22.1,26.5,454.75,1041.75,0.0043587726,1
22.1,26.6,449.5,1047.5,0.0043753365,1
22.1,26.6,449.5,1045.5,0.0043753365,1
22.1,26.575,449.5,1041.5,0.0043711954,1
22.15,26.6,449.5,1043,0.0043887824,1
22.1,26.7,455.5,1049,0.0043919012,1
22.1,26.6666666667,454,1048,0.0043863796,1
22.1,26.675,454,1047,0.00438776,1
22.1,26.625,469,1047.4,0.0043794776,1
22.1,26.65,469,1050,0.0043836187,1
22.1,26.625,464,1047.75,0.0043794776,1
22.1,26.65,469,1047,0.0043836187,1
22.1,26.64,469,1048.25,0.0043819623,1
22.1,26.6333333333,459,1044,0.004380858,0
22.1,26.6,459,1036.5,0.0043753365,0
22.05,26.575,469,1039,0.0043577986,0
22.05,26.55,469,1039,0.0043536704,0
22.025,26.4425,469,1034.25,0.0043292686,1
22.05,26.34,469,1024.5,0.0043189955,1
22,26.29,469,1024.75,0.0042975248,1
22,26.29,469,1024,0.0042975248,1
22,26.23,469,1021.6666666667,0.0042876492,1
22.0666666667,26.26,464,1016,0.0043101949,1
22.05,26.245,454,1009,0.0043033104,1
22.075,26.2925,454,1006.25,0.0043177746,1
22.1,26.29,454,1007.5,0.0043239912,1
22.1,26.245,461.5,1008,0.0043165386,1
22.1,26.245,461.5,1002.5,0.0043165386,1
22.1,26.245,464,999,0.0043165386,1
22.1,26.245,459,1006,0.0043165386,1
22.1,26.2,469,1003,0.0043090861,1
22.08,26.216,461.5,1006.5,0.0043064462,1
22.1,26.2,454,1014,0.0043090861,1
22,26.1,454,1009,0.0042662532,1
22.08,26.18,454,1009.6,0.0043004917,1
22.025,26.125,454,1010.5,0.0042769288,1
22,26.175,454,1012.5,0.0042785968,1
22.0333333333,26.23,454,1013.6666666667,0.004296435,1
22.075,26.2675,454,1023.25,0.0043136406,1
22,26.2,439,1025,0.0042827115,1
22.075,26.29,444.25,1022,0.0043173612,1
22.0666666667,26.3566666667,453,1024,0.0043261717,1
22.05,26.34,450.25,1030.5,0.0043189955,1
22.0666666667,26.3566666667,454,1032,0.0043261717,1
22.075,26.3425,454,1033,0.0043260427,1
22.025,26.34,469,1031,0.0043123706,1
22.025,26.315,463,1039,0.0043082492,1
22.0333333333,26.39,471,1044.3333333333,0.004322825,1
22.075,26.365,464,1039.5,0.0043297635,1
22.075,26.365,464,1044,0.0043297635,1
22.0666666667,26.4266666667,464,1044.6666666667,0.0043377416,1
22.0666666667,26.4633333333,474,1051,0.0043438022,1
22.1,26.5,479,1047,0.0043587726,1
22.1,26.5,465.25,1054,0.0043587726,1
22.1,26.5,469,1063.75,0.0043587726,1
22.1,26.5,464,1063.5,0.0043587726,1
22.1,26.525,466.75,1061.25,0.0043629135,1
22.1,26.6,465.6666666667,1065.6666666667,0.0043753365,1
22.1,26.6,464,1073.25,0.0043753365,1
22.1,26.6,459,1083.6666666667,0.0043753365,1
22.1,26.6,454,1082,0.0043753365,1
22.1333333333,26.6,454,1077,0.0043842964,1
22.1,26.6,454,1077.3333333333,0.0043753365,1
22.175,26.6,454,1079.5,0.004395519,1
22.175,26.6,450.25,1077.75,0.004395519,1
22.175,26.6,442.75,1067.75,0.004395519,1
22.175,26.6,439,1070.25,0.004395519,1
22.2,26.6,439,1070.3333333333,0.0044022648,1
22.2,26.6,449.5,1075.5,0.0044022648,1
22.2,26.6,454.75,1076.5,0.0044022648,1
22.2,26.6,448,1068,0.0044022648,1
22.2,26.6,444,1071.5,0.0044022648,1
22.15,26.6,444,1075.75,0.0043887824,1
22.15,26.6,444,1073.25,0.0043887824,1
22.2,26.6,454.6666666667,1069,0.0044022648,1
22.175,26.675,460,1062.5,0.0044080002,1
22.2,26.7,460,1066.25,0.0044189322,1
22.2,26.7633333333,449.3333333333,1060,0.0044294887,1
22.1666666667,26.8566666667,444,1077,0.004435966,1
22.2,26.79,444,1091.75,0.0044339337,1
22.2,26.8566666667,444,1097.3333333333,0.0044450463,1
22.175,26.9175,440.25,1096.75,0.0044483596,1
22.2,26.9175,444,1104,0.004455187,1
22.2,26.89,454.6666666667,1105,0.0044506028,1
22.2,26.9725,449.5,1104.75,0.0044643555,1
22.2,27,454,1108.6666666667,0.0044689399,1
22.2,27,454,1116.25,0.0044689399,1
22.2,27,454,1120.6666666667,0.0044689399,1
22.2,27.025,457.75,1127.25,0.0044731075,1
22.2,27,454,1134.25,0.0044689399,1
22.2,27,454,1131.25,0.0044689399,1
22.2,27.05,454,1131,0.0044772753,1
22.2,27,454,1129.75,0.0044689399,1
22.2,27.0666666667,454,1137.3333333333,0.0044800538,1
22.2,27,449.5,1136.5,0.0044689399,1
22.2,27.075,460,1129,0.004481443,1
22.2,27.1,444,1126.5,0.0044856109,1
22.2,27.075,444,1133.25,0.004481443,1
22.2,27.0666666667,444,1139,0.0044800538,1
22.2,27.1,444,1137,0.0044856109,1
22.175,27.1,444,1136.75,0.0044787365,1
22.2,27.1,444,1131.25,0.0044856109,1
22.2,27.0333333333,444,1132.3333333333,0.0044744968,1
22.2,27,444,1127.5,0.0044689399,1
22.2,27.025,444,1114.5,0.0044731075,1
22.2,27.1,460,1121.25,0.0044856109,1
22.2,27.1,460,1124,0.0044856109,1
22.175,27.175,454.75,1127.25,0.004491221,1
22.175,27.125,460,1136,0.0044828979,1
22.175,27.125,458.5,1127.75,0.0044828979,1
22.2,27.1,461.5,1122.5,0.0044856109,1
22.2,27.1,464,1118,0.0044856109,1
22.2,27.1,465.6666666667,1110,0.0044856109,1
22.2,27.075,481.5,1115,0.004481443,1
22.2,27.1,474,1119.75,0.0044856109,1
22.2,27,486.5,1114,0.0044689399,1
22.175,27,471.5,1104.75,0.0044620912,1
22.2,27.0666666667,474,1099.3333333333,0.0044800538,1
22.2,27,481.5,1097.75,0.0044689399,1
22.2,26.945,489,1093.5,0.0044597712,1
22.2,27,504,1088,0.0044689399,1
22.2,27,502.3333333333,1083.6666666667,0.0044689399,1
22.2,27,524,1085.5,0.0044689399,1
22.2,26.9633333333,550,1086.5,0.0044628274,1
22.2,26.84,554.2,1081.8,0.0044422681,1
22.26,26.8566666667,562.3333333333,1081,0.0044614322,1
22.29,26.865,568.5,1063.25,0.0044710419,1
22.315,26.865,606.5,1063,0.0044778983,1
22.39,26.79,696.5,1078,0.004485874,1
22.39,26.9725,657.25,1086,0.0045166548,1
22.4266666667,27,744,1098.3333333333,0.0045314586,1
22.4725,26.89,708.75,1099,0.0045255455,1
22.5333333333,26.8233333333,607,1092.3333333333,0.0045310832,1
22.575,26.84,660,1093.5,0.0045454919,1
22.6,26.79,688.5,1100.5,0.0045439054,1
22.6,26.815,558,1102,0.0045481767,1
22.6,26.8566666667,661.3333333333,1105,0.0045552957,1
22.675,26.89,665.5,1111.25,0.0045819554,1
22.6666666667,26.9633333333,647.6666666667,1108.3333333333,0.0045922034,1
22.7,27.075,638,1124.25,0.0046207685,1
22.7225,26.7475,558,1125.25,0.0045707458,1
22.7,26.89,534,1106,0.0045889625,1
22.7,26.89,520,1110.3333333333,0.0045889625,1
22.7,26.9175,513.5,1117.5,0.0045936902,1
22.7,26.89,531.25,1120,0.0045889625,0
22.7,26.89,539,1113.6666666667,0.0045889625,0
22.7,26.89,545.75,1104.75,0.0045889625,0
22.675,26.865,604.75,1103.25,0.0045776642,0
22.7,26.815,597.25,1102.75,0.004576069,0
22.7,26.7,528,1090,0.0045563001,0
22.7,26.7,521,1086.25,0.0045563001,0
22.7,26.6666666667,535.6666666667,1083.6666666667,0.0045505703,0
22.675,26.575,533.25,1078.5,0.0045278899,0
22.65,26.55,523.75,1064.75,0.0045166916,0
22.6666666667,26.5666666667,524,1053,0.0045241546,0
22.65,26.55,521,1051,0.0045166916,1
22.625,26.4975,536.25,1041,0.0045008108,1
22.6,26.39,548.3333333333,1039,0.0044755724,1
22.625,26.4975,565.75,1037.5,0.0045008108,1
22.625,26.525,584.5,1043,0.0045055158,1
22.6,26.5,535,1046.3333333333,0.0044943625,1
22.6,26.5,546.3333333333,1045.3333333333,0.0044943625,1
22.6,26.5,630.5,1035.75,0.0044943625,1
22.6333333333,26.46,570.6666666667,1029.6666666667,0.0044966857,1
22.65,26.495,630,1034,0.0045072671,1
22.675,26.525,732.75,1038.5,0.0045193089,1
22.7225,26.4725,686.25,1027,0.0045234107,1
22.76,26.39,635.5,1022,0.0045195538,0
22.8566666667,26.3233333333,676,1024.75,0.0045347414,0
22.89,26.245,567.25,1020,0.0045303558,0
22.89,26.2,582.5,1015.5,0.0045225316,0
22.89,26.1,618.75,1007,0.004505145,0
22.89,26.175,579.25,997.5,0.0045181848,0
22.89,26.1333333333,590.3333333333,1002,0.0045109404,0
22.89,26.1,584.5,1000,0.004505145,0
22.89,26,564,997.75,0.0044877593,0
22.89,25.945,534,987,0.0044781977,1
22.84,25.9175,496.5,983,0.0044597873,1
22.8233333333,25.8566666667,340.6666666667,983,0.0044447201,1
22.79,25.865,38.75,979,0.0044371235,0
22.79,25.8233333333,31,977,0.0044299247,0
22.79,25.9725,26.75,961.5,0.0044556972,0
22.745,26,22,963.25,0.0044482069,0
22.7,26,13,974,0.0044359947,0
22.7,26.075,31,965.25,0.0044488823,0
22.6666666667,26.0666666667,32.6666666667,962.3333333333,0.0044383998,0
22.6,26.05,33.5,957,0.0044175011,0
22.6,26.1,28,949.5,0.0044260403,0
22.5666666667,26.1,31,950.3333333333,0.0044170268,0
22.525,26.1,33.5,949.5,0.0044057826,0
22.5,26.1,31,948.75,0.0043990483,0
22.5,26.1,31,944,0.0043990483,0
22.4175,26.05,33.5,934.5,0.0043684455,0
22.39,26.1,33.5,931.75,0.0043695247,0
22.39,26.1,28.6666666667,928.6666666667,0.0043695247,0
22.39,26.1,46,930.5,0.0043695247,0
22.39,26.1,53,923.25,0.0043695247,0
22.39,26.1,71.5,921,0.0043695247,0
22.34,26.1,103,916.5,0.0043561628,0
22.3233333333,26.1,91.6666666667,912.3333333333,0.0043517168,0
22.29,26.1,90,902.25,0.0043428369,0
22.29,26.1,81.6666666667,903,0.0043428369,0
22.29,26.1,112.75,898.5,0.0043428369,0
22.29,26.1666666667,334.3333333333,900.3333333333,0.0043540074,1
22.29,26.15,472.25,893.75,0.0043512147,1
22.29,26.1,503.5,892.5,0.0043428369,0
22.2675,26.1725,567.5,883.5,0.004348983,0
22.29,26.29,569.25,879.25,0.0043746738,0
22.29,26.26,490.6666666667,887.3333333333,0.0043696467,0
22.29,26.2,487.3333333333,890,0.0043595927,0
22.29,26.2,500,891.25,0.0043595927,0
22.29,26.2,524,891,0.0043595927,0
22.29,26.175,545.3333333333,881,0.0043554037,0
22.315,26.1,520.6,866.25,0.0043494953,0
22.29,26.1,509,864.6666666667,0.0043428369,0
22.34,26.1,476.5,870,0.0043561628,0
22.315,26.1,471.5,862,0.0043494953,0
22.29,26.1,464,857.5,0.0043428369,0
22.29,26.1,464,851.3333333333,0.0043428369,0
22.29,26.1,459,846.75,0.0043428369,0
22.29,26.1,459,844.6666666667,0.0043428369,0
22.29,26.1,454.75,843,0.0043428369,0
22.29,26.1,444,840.5,0.0043428369,0
22.29,26.025,456,831.25,0.0043302706,0
22.29,26,461,829,0.004326082,0
22.29,26,461.5,825.5,0.004326082,0
22.29,26,464,813.6666666667,0.004326082,0
22.29,26,476.5,819,0.004326082,0
22.29,26,489,819.5,0.004326082,0
22.29,25.945,489,810,0.0043168671,0
22.29,25.945,484,809.5,0.0043168671,1
22.29,25.9633333333,454,801,0.0043199387,1
22.2675,25.89,451,795,0.0043017164,0
22.2675,25.89,449.5,785,0.0043017164,0
22.2675,25.9175,449.5,795,0.0043063173,0
22.29,25.9266666667,453,795.25,0.0043137956,0
22.245,25.89,451.75,797.5,0.0042957876,0
22.29,25.89,459,797,0.0043076525,0
22.2675,25.89,459,795.5,0.0043017164,0
22.2675,25.865,464,784.5,0.0042975339,0
22.29,25.89,454,775.5,0.0043076525,0
22.23,25.8233333333,454,777.3333333333,0.0042807115,0
22.2225,25.8925,448,775.5,0.004290283,0
22.2,25.96,453,780,0.0042956141,1
22.2225,25.99,444,781.5,0.0043065502,1
22.2,26.1225,444,776.75,0.00432269,1
22.2,26.05,444,782,0.0043106097,1
22.2,26.213,441.9,788.6,0.0043377701,1
22.2,26.376,439.8,795.2,0.0043649329,1
22.2,26.6,442.5,818.5,0.0044022648,1
22.2,26.6666666667,447,828.3333333333,0.0044133763,1
22.2,26.745,443.5,837,0.0044264329,1
22.2,26.8233333333,441,832.6666666667,0.00443949,1
22.2,26.945,438,847.5,0.0044597712,1
22.2,27,438,849,0.0044689399,1
22.2,26.9175,438,850,0.004455187,1
22.2,26.9175,447,842.5,0.004455187,1
22.2,27.1,441,839,0.0044856109,1
22.245,27.125,438,847.75,0.0045021877,1
22.2,27.1966666667,441,860,0.004501727,1
22.2,27.4175,438,885.75,0.0045385471,1
22.2,27.5,429,910,0.0045523037,1
22.2675,27.4225,429,917.25,0.0045582128,1
22.2,26.8975,438,919.75,0.004451853,1
22.23,27.73,441,932,0.0045991149,1
22.2,27.745,438,942,0.0045931601,1
22.2675,28.025,429,959.75,0.0046591115,1
22.2,28,444,966.5,0.0046356897,1
22.2,28.1,451,970.6666666667,0.0046523696,1
22.245,28.2225,454,988.75,0.0046857222,1
22.2225,28.2225,465.25,996.75,0.004679259,1
22.2225,28.3675,474.5,1012,0.0047034816,1
22.29,28.39,479,1021,0.0047267707,1
22.245,28.245,525.5,1019.5,0.004689486,1
22.29,28.39,515,1020,0.0047267707,1
22.29,28.5,494,1037,0.0047452248,1
22.29,28.4266666667,487.3333333333,1047,0.0047329219,1
22.315,28.39,474.5,1051,0.0047340223,1
22.3233333333,28.39,486,1052.3333333333,0.0047364416,1
22.29,28.3566666667,502.3333333333,1048.3333333333,0.0047211788,1
22.29,28.34,540.5,1050.5,0.0047183828,1
22.34,28.39,504,1052.25,0.0047412836,1
22.39,28.2,489,1053,0.0047237657,1
22.39,28.2,490.25,1051,0.0047237657,1
22.39,28.2933333333,536.3333333333,1049.6666666667,0.004739519,1
22.39,28.39,532,1054,0.0047558358,1
22.39,28.2925,543,1067.75,0.0047393784,1
22.4266666667,28.2,543,1066.3333333333,0.0047343897,1
22.445,28.245,543,1066.5,0.0047473306,1
22.5,28.365,533.25,1081,0.0047837408,1
22.4633333333,28.3266666667,527,1081.3333333333,0.0047665114,1
22.5,28.3175,534,1084.5,0.0047756685,1
22.55,28.3175,530,1082.5,0.004790309,1
22.5,28.34,524,1087.5,0.0047794922,1
22.525,28.39,526.25,1094,0.0047953238,1
22.5,28.39,522,1103.3333333333,0.0047879895,1
22.5,28.0333333333,517,1099.3333333333,0.0047273803,1
22.525,28.025,513.5,1085,0.0047332029,1
22.575,28.22,524,1086.25,0.0047809984,1
22.6,28.2,513.5,1103,0.0047848981,1
22.6,28.245,513.5,1106.75,0.0047925924,1
22.5,28.29,513.5,1104,0.0047709951,1
22.6,28.315,518,1102.25,0.0048045617,1
22.55,28.2675,520.75,1097.5,0.0047817858,1
22.6,28.29,525,1100,0.0048002869,1
22.6,28.245,524.8333333333,1101,0.0047925924,1
22.6,28.2,524.6666666667,1102,0.0047848981,1
22.6,28.39,489,1102.5,0.0048173864,1
22.6,28.39,474,1114,0.0048173864,1
22.6,28.34,474,1112,0.0048088365,1
22.6,28.1725,472.75,1113.5,0.0047801961,1
22.6,28.1475,471.5,1105.25,0.0047759216,1
22.6,28.23,464,1104.3333333333,0.0047900276,1
22.6,28.1333333333,469,1107.3333333333,0.0047734994,1
22.575,28,465.25,1108.25,0.004743442,1
22.6,28,454,1101.6666666667,0.0047507034,1
22.55,27.82,450.25,1097,0.0047055131,1
22.525,27.815,449.5,1092.25,0.0046974677,1
22.5,27.815,454.75,1102.75,0.0046902842,1
22.5,27.745,449.5,1097,0.0046783917,1
22.525,27.7,454.75,1086.3333333333,0.0046779002,1
22.55,27.7,454.75,1092,0.0046850633,1
22.5,27.6,460,1085,0.0046537587,1
22.5,27.7,460,1084,0.0046707468,1
22.5,27.6,436.5,1076.25,0.0046537587,1
22.5,27.33,460,1060.6666666667,0.0046078955,1
22.55,27.445,449.5,1051.5,0.0046416118,1
22.5,27.4725,460.75,1062,0.0046321003,1
22.5,27.39,461,1068.3333333333,0.0046180868,1
22.5,27.34,454,1074,0.0046095941,1
22.5,27.29,469,1072,0.0046011016,1
22.5,27.315,469,1068,0.0046053478,1
22.5,27.29,479.6666666667,1072,0.0046011016,1
22.5,27.2225,476.75,1072.75,0.0045896371,1
22.5,27.2225,476.5,1074,0.0045896371,1
22.5,27.2,474,1069,0.0045858157,1
22.5,27.15,481.5,1068.25,0.0045773238,1
22.5,27.2225,474,1079.75,0.0045896371,1
22.4725,27.1975,479,1085,0.0045776781,1
22.5,27.1666666667,469,1066,0.0045801544,1
22.5,27.125,474,1063.5,0.004573078,1
22.5,27.15,469,1065.5,0.0045773238,1
22.5,27.125,474,1071.25,0.004573078,1
22.5,27.0666666667,479,1068,0.0045631713,1
22.5,27.1,478.5,1064.75,0.0045688322,1
22.5,27.1,478.5,1070.75,0.0045688322,1
22.5,27.1,477,1072.3333333333,0.0045688322,1
22.5,27.025,470.25,1079.25,0.0045560952,1
22.5,27,469,1063.5,0.0045518497,1
22.5,27,460.6666666667,1074.3333333333,0.0045518497,1
22.5,26.9725,465.25,1068.75,0.0045471796,1
22.5,26.7333333333,452.3333333333,1064,0.0045065674,1
22.5,26.925,446.5,1048.5,0.0045391134,1
22.5,26.9725,449.5,1054.5,0.0045471796,1
22.5,27.05,460,1055.5,0.0045603408,1
22.445,26.9,456,1064,0.0045196246,1
22.4175,26.82,456,1063.25,0.0044985042,1
22.39,26.6966666667,444,1078,0.0044701334,1
22.39,26.9633333333,444,1067.3333333333,0.0045151086,1
22.39,27.0225,454.75,1074.75,0.0045250884,1
22.39,26.8233333333,453,1077.3333333333,0.0044914958,1
22.39,26.84,449.5,1072.75,0.0044943068,1
22.39,26.745,449.5,1074.25,0.0044782847,1
22.39,26.79,456,1074,0.004485874,1
22.3566666667,26.73,449.3333333333,1068.3333333333,0.0044666248,1
22.39,26.5725,444,1062.75,0.004449194,1
22.39,26.675,444,1056.5,0.0044664795,1
22.39,26.695,444,1054,0.0044698523,1
22.39,26.745,444,1068,0.0044782847,1
22.39,26.79,444,1074,0.004485874,1
22.4175,26.65,444,1078.75,0.0044697853,1
22.4725,26.745,429,1077.5,0.0045009656,1
22.445,26.695,429,1077.5,0.0044849331,1
22.445,26.745,429,1083.25,0.0044933941,1
22.4266666667,26.6966666667,429,1088,0.0044801829,1
22.39,26.79,438,1086,0.004485874,1
22.4266666667,26.73,441,1087.6666666667,0.0044858172,1
22.39,26.5475,438,1075,0.0044449782,1
22.39,26.4175,438,1067.75,0.0044230569,1
22.39,26.5333333333,441,1064,0.0044425893,1
22.39,26.456,438,1063.25,0.0044295488,1
22.39,26.26,432.75,1065.5,0.0043965004,1
22.39,26.4266666667,444,1068.6666666667,0.0044246026,1
22.39,26.4175,444,1073.25,0.0044230569,1
22.39,26.34,444,1061.5,0.0044099891,1
22.39,26.3233333333,444,1060.3333333333,0.0044071789,1
22.39,26.4633333333,444,1057.3333333333,0.0044307854,1
22.39,26.015,444,1056.25,0.0043551948,1
22.39,26.045,429,1046,0.0043602524,1
22.39,26.29,435,1049.6666666667,0.0044015586,1
22.39,26.2675,438,1052.75,0.004397765,1
22.39,26.29,438,1044.5,0.0044015586,1
22.39,26.3233333333,441,1053.6666666667,0.0044071789,1
22.3566666667,26.3233333333,441,1059,0.0043981896,1
22.39,26.34,438,1067.25,0.0044099891,1
22.365,26.29,438,1067.25,0.0043948238,1
22.3233333333,26.39,441,1065.3333333333,0.0044004113,1
22.34,26.39,438,1068.75,0.0044049074,1
22.34,26.39,447,1074.75,0.0044049074,1
22.3233333333,26.4633333333,447,1076.3333333333,0.0044127261,1
22.365,26.4725,447,1077.5,0.0044255489,1
22.315,26.3425,438,1073,0.0043901926,1
22.34,26.145,438,1068,0.0043637261,1
22.29,26.1425,438,1061.75,0.004349958,1
22.29,25.7,441,1045.6666666667,0.0042758225,1
22.29,26.22,438,1041.5,0.004362944,1
22.29,26.2425,442.5,1051,0.0043667143,1
22.29,26.125,438,1059.25,0.0043470258,1
22.315,26.2,438,1065,0.0043662771,1
22.29,26.175,442.5,1064.75,0.0043554037,1
22.29,26.1,441,1054.6666666667,0.0043428369,1
22.29,25.995,447,1042.5,0.0043252442,1
22.2675,25.8925,438,1039,0.0043021347,1
22.29,25.89,447,1036.3333333333,0.0043076525,1
22.29,25.89,447,1036.5,0.0043076525,1
22.29,25.8566666667,433,1038.6666666667,0.0043020681,1
22.245,25.7225,433,1030.5,0.0042678045,1
22.23,25.6666666667,433,1023.6666666667,0.0042545633,1
22.29,25.6,433,1019.5,0.0042590711,1
22.245,25.55,433,1010,0.0042389887,1
22.2675,25.575,433,1002.75,0.0042490205,1
22.29,25.5666666667,433,1002.3333333333,0.0042534875,1
22.2675,25.4975,433,998.75,0.004236057,1
22.245,25.55,433,1002,0.0042389887,1
22.29,25.5,433,1002.25,0.0042423206,1
22.29,25.5,433,1001.5,0.0042423206,1
22.29,25.445,433,998.5,0.0042331083,1
22.29,25.2,433,990.75,0.0041920746,1
22.29,25.23,433,991,0.0041970989,1
22.245,25.15,433,986,0.0041721798,1
22.29,25.2675,433,976.25,0.0042033793,1
22.29,25.2,433,966,0.0041920746,1
22.29,25.2,433,966.3333333333,0.0041920746,1
22.29,25.15,433,967.5,0.0041837011,1
22.29,25.03,433,970,0.0041636054,1
22.2225,24.865,433,954.75,0.004118903,1
22.26,24.8266666667,433,951.6666666667,0.0041219736,1
22.245,24.89,433,940.75,0.0041287616,1
22.245,24.89,433,935.5,0.0041287616,1
22.2225,24.84,433,933.25,0.0041147343,1
22.2,24.7,433,937.6666666667,0.0040857518,1
22.2,24.7,433,938,0.0040857518,1
22.2,24.7,433,933.5,0.0040857518,1
22.2,24.7,433,925.5,0.0040857518,1
22.2,24.65,433,921,0.0040774268,1
22.2,24.5666666667,433,920.3333333333,0.0040635523,1
22.2,24.55,433,912.25,0.0040607775,1
22.2,24.334,429.5,913,0.0040248181,1
22.2,24.34,433,903,0.0040258169,1
22.2,24.395,433,905.5,0.0040349729,1
22.2,24.34,433,907,0.0040258169,1
22.2,24.3566666667,433,903,0.0040285914,1
22.175,24.39,433,900.5,0.0040279625,1
22.175,24.365,433,900.25,0.0040238071,1
22.2,24.365,433,900.5,0.0040299787,1
22.1333333333,24.29,433,898.6666666667,0.0040011057,1
22.15,24.2225,433,892,0.0039939955,1
22.1333333333,24.2,433,886,0.0039861857,1
22.1,24.2675,433,884.25,0.0039892115,1
22.1,24.245,433,887,0.0039854891,1
22.1,24.29,433,884,0.0039929339,1
22.125,24.2675,433,878.5,0.0039953332,1
22.1333333333,24.26,433,887,0.0039961323,1
22.125,24.15,433,882.25,0.0039758647,1
22.1,24.0725,433,879.25,0.0039569525,1
22.1,23.9966666667,433,866,0.0039444082,1
22.1,24.12,433,866,0.0039648101,1
22.0666666667,23.9266666667,433,863,0.0039247958,1
22.025,23.945,433,853.25,0.0039177927,1
22,23.9266666667,433,858,0.003908772,1
22,23.89,433,852.5,0.0039027444,1
22,23.89,433,850.6666666667,0.0039027444,1
22.025,23.9175,433,847,0.0039132649,1
22,23.89,433,840.6666666667,0.0039027444,1
22.075,23.9725,426,839,0.0039343725,1
22.025,24.0475,213,845.5,0.0039346695,1
22,24.1,0,844,0.0039372678,0
22,24.1,0,846.6666666667,0.0039372678,0
22,24.1,0,852,0.0039372678,0
21.945,23.795,0,851,0.0038740252,0
21.89,23.8566666667,0,824.6666666667,0.0038710296,0
21.89,23.84,0,817,0.0038683085,0
21.84,23.745,0,813.6666666667,0.0038409809,0
21.84,23.745,0,805,0.0038409809,0
21.79,23.7,0,807,0.0038218941,0
21.79,23.745,0,800,0.0038291955,0
21.79,23.7,0,781,0.0038218941,0
21.745,23.55,0,776.5,0.0037870656,0
21.7,23.7,0,771,0.0038008012,0
21.7,23.6666666667,0,775,0.0037954229,0
21.7,23.6666666667,0,771,0.0037954229,0
21.7,23.39,0,763,0.0037507863,0
21.7,23.55,0,755,0.0037765995,0
21.6,23.6,0,754,0.00376145,0
21.7,23.6,0,755,0.0037846665,0
21.6,23.3933333333,0,754.6666666667,0.0037283133,0
21.6,23.55,0,751.5,0.0037534327,0
21.6,23.5,0,748.5,0.0037454157,0
21.55,23.5,0,745.5,0.0037339041,0
21.55,23.445,0,749,0.0037251129,0
21.5666666667,23.5,0,746.6666666667,0.0037377378,0
21.55,23.5,0,738.5,0.0037339041,0
21.5,23.35,0,732.5,0.0036985223,0
21.5,23.26,0,725.5,0.0036841823,0
21.5,23.245,0,711.6666666667,0.0036817924,0
21.5,23.23,0,705.6666666667,0.0036794025,0
21.5,23.05,0,702.5,0.0036507249,0
21.39,23.05,0,702.5,0.0036260647,0
21.39,22.945,0,698.5,0.003609451,0
21.39,22.79,0,698,0.0035849276,0
21.39,22.695,0,677.5,0.003569898,0
21.34,22.55,0,672,0.0035360439,0
21.29,22.6,0,666.5,0.0035330185,0
21.3233333333,22.5333333333,0,664.3333333333,0.0035297863,0
21.34,22.395,0,660.5,0.0035116013,0
21.34,22.395,0,654,0.0035116013,0
21.29,21.945,0,650,0.0034300588,0
21.29,21.85,0,635.5,0.0034151285,0
21.245,21.745,0,634,0.0033892079,0
21.2,21.745,0,631.5,0.0033798112,0
21.2,21.995,0,631,0.0034188822,0
21.245,22.1,0,637.5,0.0034448451,0
21.29,22.1,0,640,0.0034544202,0
21.29,21.8633333333,0,638.6666666667,0.003417224,0
21.29,21.5,0,628,0.0033601284,0
21.29,21.34,0,617,0.0033349887,0
21.2,21.1666666667,0,612.3333333333,0.0032894459,0
21.2,21.5666666667,0,609,0.0033519436,0
21.2,21.6,0,616,0.0033571523,0
21.2,21.55,0,614,0.0033493393,0
21.2,21.445,0,613.5,0.0033329326,0
21.2,21.195,0,611.5,0.0032938724,0
21.2,21.2,0,600,0.0032946536,0
21.2,21.3566666667,0,599,0.0033191308,0
21.2,21.0666666667,0,592.6666666667,0.0032738234,0
21.2,21.23,0,593,0.0032993405,0
21.2,21.2,0,586,0.0032946536,0
21.2,21.2,0,585,0.0032946536,0
21.29,21.1,0,592.5,0.003297283,0
21.29,21.1,0,593,0.003297283,0
21.29,20.89,0,583,0.0032642942,0
21.29,20.65,0,579.3333333333,0.003226597,0
21.29,20.89,0,578,0.0032642942,0
21.29,20.7475,0,570.5,0.003241911,0
21.29,20.795,0,571,0.0032493719,0
21.29,20.65,0,571,0.003226597,0
21.245,20.79,0,563.5,0.0032395849,0
21.2,20.495,0,560.5,0.0031845298,0
21.2,20.3933333333,0,556,0.0031686523,0
21.2,20.3225,0,550.25,0.0031575906,0
21.2,20.1225,0,544.5,0.0031263596,0
21.2,20.2266666667,0,547.6666666667,0.0031426253,0
21.2,20,0,545,0.0031072321,0
21.1,20.2,0,536,0.0031191546,0
21.1,20.1,0,538,0.0031036362,0
21.1,20.195,0,539.5,0.0031183787,0
21.1,20.245,0,542.5,0.0031261381,0
21.15,20.245,0,539,0.0031358,0
21.1,20.0333333333,0,532.3333333333,0.003093291,0
21.15,20,0,534,0.0030976624,0
21.15,20,0,538.5,0.0030976624,0
21.2,19.9633333333,0,538,0.0031015071,0
21.2,19.995,0,539.5,0.0031064514,0
21.2,19.895,0,531,0.0030908381,0
21.2,20,0,526.5,0.0031072321,0
21.2,19.9633333333,0,522,0.0031015071,0
21.2,19.895,0,526,0.0030908381,0
21.2,19.945,0,522.6666666667,0.0030986447,0
21.2,19.84,0,525.3333333333,0.0030822511,0
21.2,19.79,0,516.3333333333,0.0030744449,0
21.15,19.65,0,520,0.003043188,0
21.1,19.795,0,515.5,0.0030563098,0
21.1,19.79,0,513.5,0.003055534,0
21.1,19.79,0,517,0.003055534,0
21.1,19.79,0,517,0.003055534,0
21.175,19.79,0,514.75,0.0030697076,0
21.2,19.63,0,510,0.0030494665,0
21.1,19.29,0,503.5,0.0029779655,0
21.1,19.39,0,502,0.0029934777,0
21.1,19.65,0,498.5,0.0030338129,0
21.075,19.65,0,498.5,0.0030291349,0
21.05,19.6,0,502.5,0.00301673,0
21.1,19.7,0,505,0.0030415703,0
21.15,19.55,0,506.5,0.0030276257,0
21.15,19.445,0,500,0.0030112861,0
21.2,19.6,0,496,0.0030447833,0
21.175,19.4425,0,499.25,0.0030155441,0
21.1666666667,19.4966666667,0,497.6666666667,0.0030224321,0
21.15,19.55,0,497,0.0030276257,0
21.1,19.5,0,498,0.0030105419,0
21.2,19.39,0,495,0.0030120026,0
21.2,19.34,0,491.5,0.0030041982,0
21.15,19.395,0,491,0.0030035056,0
21.1666666667,19.5,0,493,0.0030229514,0
21.1,19.5,0,489,0.0030105419,0
21.2,19.445,0,485.5,0.0030205877,0
21.2,19.39,0,488.5,0.0030120026,0
21.2,19.39,0,486,0.0030120026,0
21.2,19.445,0,488.5,0.0030205877,0
21.2,19.29,0,490,0.002996394,0
21.2,19.39,0,491,0.0030120026,0
21.2,19.245,0,487,0.0029893704,0
21.2,19.34,0,485.5,0.0030041982,0
21.2,19.29,0,484.5,0.002996394,0
21.2,19.29,0,491,0.002996394,0
21.2,19.29,0,485,0.002996394,0
21.2,19.29,0,484.5,0.002996394,0
21.2,19.29,0,482,0.002996394,0
21.2,19.315,0,491.25,0.0030002961,0
21.2,19.34,0,486.5,0.0030041982,0
21.2,19.39,0,481,0.0030120026,0
21.2,19.39,0,480,0.0030120026,0
21.2,19.34,0,483.5,0.0030041982,0
21.2,19.39,0,481.3333333333,0.0030120026,0
21.2,19.39,0,484.3333333333,0.0030120026,0
21.2,19.39,0,479.6666666667,0.0030120026,0
21.2,19.39,0,479,0.0030120026,0
21.2,19.39,0,477.5,0.0030120026,0
21.2,19.39,0,483,0.0030120026,0
21.15,19.39,0,482,0.0030027276,0
21.2,19.39,0,483.25,0.0030120026,0
21.2,19.39,0,477,0.0030120026,0
21.2,19.3566666667,0,479,0.0030067996,0
21.2,19.39,0,482.5,0.0030120026,0
21.2,19.39,0,474,0.0030120026,0
21.2,19.39,0,473,0.0030120026,0
21.2,19.39,0,472,0.0030120026,0
21.2,19.39,0,472.5,0.0030120026,0
21.2,19.445,0,475,0.0030205877,0
21.2,19.39,0,475,0.0030120026,0
21.2,19.445,0,477.5,0.0030205877,0
21.15,19.5,0,474,0.0030198448,0
21.1666666667,19.5,0,474.6666666667,0.0030229514,0
21.1,19.5,0,470.5,0.0030105419,0
21.1,19.5,0,474.3333333333,0.0030105419,0
21.1,19.5,0,483,0.0030105419,0
21.1,19.6,0,484,0.0030260557,0
21.0333333333,19.5333333333,0,479.3333333333,0.0030033272,0
21,19.6,0,479.5,0.0030074296,0
21,19.6,0,473,0.0030074296,0
21,19.6,0,470,0.0030074296,0
21,19.6,0,464,0.0030074296,0
21,19.7,0,463.5,0.0030228482,0
21,19.7,0,467.5,0.0030228482,0
21,19.7,0,476,0.0030228482,0
21,19.76,0,474,0.0030320997,0
21,19.79,0,471,0.0030367256,0
21,19.79,0,472,0.0030367256,0
21,19.79,0,472,0.0030367256,0
21,19.79,0,474.25,0.0030367256,0
20.9725,19.79,0,473,0.0030315712,0
21,19.79,0,469,0.0030367256,0
20.9633333333,19.79,0,472.6666666667,0.0030298548,0
21,19.79,0,473,0.0030367256,0
20.89,19.79,0,471.5,0.0030161541,0
20.9633333333,19.79,0,471.3333333333,0.0030298548,0
21,19.79,0,469,0.0030367256,0
20.89,19.89,0,471,0.0030314692,0
20.89,19.84,0,470,0.0030238116,0
20.89,19.89,0,469.5,0.0030314692,0
20.89,19.89,0,464,0.0030314692,0
20.89,19.89,0,467,0.0030314692,0
20.89,19.9266666667,0,472,0.0030370849,0
20.89,19.945,0,469.5,0.0030398928,0
20.89,20,0,470.5,0.0030483166,0
20.89,20,0,470,0.0030483166,0
20.89,20,0,469,0.0030483166,0
20.89,20,0,468.5,0.0030483166,0
20.89,20,0,467.3333333333,0.0030483166,0
20.89,20,0,467,0.0030483166,0
20.89,20,0,464,0.0030483166,0
20.89,20,0,462,0.0030483166,0
20.89,20,0,466,0.0030483166,0
20.89,20,0,465.5,0.0030483166,0
20.79,20,0,464,0.0030295226,0
20.89,20,0,469.6666666667,0.0030483166,0
20.89,20.1,0,469.5,0.0030636333,0
20.89,20.1,0,472,0.0030636333,0
20.89,20.1,0,464.5,0.0030636333,0
20.89,20.1,0,467,0.0030636333,0
20.89,20.1,0,467,0.0030636333,0
20.89,20.1,0,462,0.0030636333,0
20.89,20.15,0,464.5,0.0030712919,0
20.79,20.05,0,460,0.0030371334,0
20.89,20.2,0,457,0.0030789507,0
20.79,20.1,0,461,0.0030447443,0
20.79,20.1,0,462,0.0030447443,0
20.79,20.15,0,463.5,0.0030523555,0
20.79,20.2,0,461.5,0.0030599669,0
20.79,20.2,0,461.5,0.0030599669,0
20.79,20.2,0,458,0.0030599669,0
20.79,20.2,0,460,0.0030599669,0
20.79,20.245,0,460,0.0030668172,0
20.79,20.29,0,460.5,0.0030736677,0
20.745,20.29,0,460,0.0030651204,0
20.79,20.29,0,457,0.0030736677,0
20.745,20.34,0,460.5,0.003072711,0
20.7,20.39,0,461,0.0030717329,0
20.745,20.39,0,458.5,0.0030803018,0
20.7,20.39,0,461.3333333333,0.0030717329,0
20.7,20.39,0,457.5,0.0030717329,0
20.7,20.39,0,455,0.0030717329,0
20.7,20.445,0,461.5,0.0030800596,0
20.7,20.445,0,461,0.0030800596,0
20.7,20.5,0,460.5,0.0030883866,0
20.7,20.5,0,461,0.0030883866,0
20.7,20.55,0,459.5,0.0030959567,0
20.7,20.6,0,463,0.003103527,0
20.7,20.6,0,463.5,0.003103527,0
20.7,20.6,0,463,0.003103527,0
20.7,20.6,0,464,0.003103527,0
20.7,20.6,0,462.5,0.003103527,0
20.7,20.6,0,457.6666666667,0.003103527,0
20.6333333333,20.6333333333,0,460,0.0030957655,0
20.7,20.7,0,460,0.0031186682,0
20.65,20.65,0,458.5,0.0031014789,0
20.6,20.6,0,461,0.0030843629,0
20.65,20.65,0,460,0.0031014789,0
20.6,20.6,0,454,0.0030843629,0
20.6,20.7,0,451.3333333333,0.0030994102,0
20.6,20.7,0,457,0.0030994102,0
20.6,20.7,0,454.5,0.0030994102,0
20.6,20.7,0,460,0.0030994102,0
20.6,20.745,0,458.5,0.0031061817,0
20.6,20.745,0,453.5,0.0031061817,0
20.6,20.79,0,457,0.0031129533,0
20.55,20.79,0,450.5,0.0031033215,0
20.6,20.79,0,454.5,0.0031129533,0
20.6,20.79,0,463,0.0031129533,0
20.6,20.79,0,459,0.0031129533,0
20.6,20.84,0,452.5,0.0031204775,0
20.6,20.89,0,451,0.0031280019,0
20.55,20.89,0,446,0.0031183233,0
20.6,20.84,0,449.5,0.0031204775,0
20.55,20.89,0,449.5,0.0031183233,0
20.6,20.89,0,450,0.0031280019,0
20.6,20.89,0,453.5,0.0031280019,0
20.6,20.89,0,458.5,0.0031280019,0
20.575,20.9175,0,459.5,0.0031272914,0
20.6,20.89,0,457,0.0031280019,0
20.5,20.945,0,458,0.0031168968,0
20.5,21,0,453,0.0031251226,0
20.55,21,0,450.5,0.0031348262,0
20.6,21,0,455,0.0031445563,0
20.55,21,0,453,0.0031348262,0
20.55,21,0,454.5,0.0031348262,0
20.5,21,0,455,0.0031251226,0
20.6,21,0,452,0.0031445563,0
20.5666666667,21.0333333333,0,456,0.0031430728,0
20.55,21.05,0,454,0.0031423278,0
20.5,21.1,0,453,0.0031400793,0
20.55,21.1,0,460.5,0.0031498295,0
20.6,21.1,0,455,0.0031596064,0
20.5,21.1,0,452,0.0031400793,0
20.55,21.1,0,453,0.0031498295,0
20.55,21.1,0,454,0.0031498295,0
20.5,21.1,0,454.5,0.0031400793,0
20.5,21.1,0,455,0.0031400793,0
20.5,21.1,0,454,0.0031400793,0
20.55,21.1,0,454,0.0031498295,0
20.5,21.1,0,447,0.0031400793,0
20.5,21.1,0,454,0.0031400793,0
20.5333333333,21.2,0,455.6666666667,0.003161565,0
20.5,21.2,0,456,0.0031550367,0
20.5,21.2,0,453,0.0031550367,0
20.5,21.2,0,452,0.0031550367,0
20.5,21.2,0,446,0.0031550367,0
20.5,21.2,0,452.3333333333,0.0031550367,0
20.5,21.245,0,451,0.0031617677,0
20.5,21.2,0,449,0.0031550367,0
20.5,21.2,0,447,0.0031550367,0
20.5,21.245,0,450,0.0031617677,0
20.5,21.29,0,449,0.0031684989,0
20.5,21.26,0,448.3333333333,0.0031640114,0
20.5,21.2675,0,443.75,0.0031651333,0
20.5,21.29,0,442.5,0.0031684989,0
20.5,21.29,0,444.5,0.0031684989,0
20.5,21.29,0,446.25,0.0031684989,0
20.5,21.29,0,448,0.0031684989,0
20.5,21.29,0,451,0.0031684989,0
20.5,21.29,0,452.3333333333,0.0031684989,0
20.5,21.29,0,447,0.0031684989,0
20.445,21.29,0,446.5,0.0031577071,0
20.5,21.29,0,442,0.0031684989,0
20.5,21.29,0,452,0.0031684989,0
20.39,21.29,0,450,0.0031469476,0
20.445,21.29,0,443.5,0.0031577071,0
20.39,21.29,0,443,0.0031469476,0
20.4266666667,21.29,0,450,0.003154117,0
20.39,21.29,0,445.6666666667,0.0031469476,0
20.39,21.29,0,443.6666666667,0.0031469476,0
20.39,21.29,0,445.3333333333,0.0031469476,0
20.39,21.29,0,449,0.0031469476,0
20.39,21.29,0,444.5,0.0031469476,0
20.39,21.29,0,445.5,0.0031469476,0
20.39,21.29,0,447,0.0031469476,0
20.39,21.29,0,446.5,0.0031469476,0
20.39,21.29,0,451,0.0031469476,0
20.39,21.29,0,448,0.0031469476,0
20.39,21.29,0,450,0.0031469476,0
20.39,21.29,0,442.6666666667,0.0031469476,0
20.39,21.29,0,445,0.0031469476,0
20.39,21.29,0,444.5,0.0031469476,0
20.3566666667,21.29,0,441.6666666667,0.0031404425,0
20.3566666667,21.29,0,442.3333333333,0.0031404425,0
20.39,21.29,0,441,0.0031469476,0
20.29,21.29,0,440.5,0.0031274677,0
20.39,21.29,0,447,0.0031469476,0
20.34,21.29,0,439.5,0.0031371944,0
20.29,21.29,0,444,0.0031274677,0
20.29,21.29,0,445.5,0.0031274677,0
20.29,21.29,0,446.6666666667,0.0031274677,0
20.3233333333,21.29,0,444.3333333333,0.0031339492,0
20.29,21.29,0,446.5,0.0031274677,0
20.3233333333,21.29,0,449.3333333333,0.0031339492,0
20.29,21.29,0,445,0.0031274677,0
20.29,21.29,0,447,0.0031274677,0
20.29,21.29,0,443.5,0.0031274677,0
20.29,21.29,0,447,0.0031274677,0
20.29,21.29,0,445,0.0031274677,0
20.29,21.29,0,443,0.0031274677,0
20.29,21.29,0,446,0.0031274677,0
20.245,21.245,0,438,0.0031121115,0
20.29,21.29,0,435.3333333333,0.0031274677,0
20.29,21.29,0,443,0.0031274677,0
20.29,21.29,0,441,0.0031274677,0
20.29,21.29,0,439.5,0.0031274677,0
20.2225,21.2225,0,445,0.0031044554,0
20.2,21.2,0,442.5,0.0030968141,0
20.2,21.2,0,443.5,0.0030968141,0
20.2,21.2,0,444,0.0030968141,0
20.2,21.29,0,438,0.0031100266,0
20.2,21.2,0,439,0.0030968141,0
20.2,21.29,0,441.5,0.0031100266,0
20.2,21.29,0,444,0.0031100266,0
20.2,21.29,0,446.5,0.0031100266,0
20.2,21.29,0,446,0.0031100266,0
20.2,21.29,0,447,0.0031100266,0
20.2,21.29,0,447,0.0031100266,0
20.2,21.29,0,446.3333333333,0.0031100266,0
20.2,21.29,0,445.75,0.0031100266,0
20.2,21.29,0,445,0.0031100266,0
20.2,21.29,0,444.5,0.0031100266,0
20.1666666667,21.23,0,446.3333333333,0.0030947986,0
20.15,21.245,0,446.5,0.0030937885,0
20.2,21.29,0,448,0.0031100266,0
20.15,21.245,0,450,0.0030937885,0
20.15,21.29,0,452,0.0031003742,0
20.2,21.2,0,449,0.0030968141,0
20.15,21.2,0,446.5,0.0030872029,0
20.2,21.2,0,446.5,0.0030968141,0
20.15,21.2,0,448.5,0.0030872029,0
20.1,21.2,0,446,0.0030776179,0
20.2,21.2,0,446,0.0030968141,0
20.1,21.2,0,441,0.0030776179,0
20.1,21.2,0,443,0.0030776179,0
20.1,21.2,0,444.3333333333,0.0030776179,0
20.1,21,0,444,0.0030484415,0
20.1,21.1,0,443,0.0030630294,0
20.1,21.1,0,444,0.0030630294,0
20.1,21.1,0,447.5,0.0030630294,0
20.1,21.1,0,443,0.0030630294,0
20.1,21.0666666667,0,442.3333333333,0.0030581667,0
20.1,21.0666666667,0,444.6666666667,0.0030581667,0
20.1,21,0,444.5,0.0030484415,0
20.1,21,0,445.3333333333,0.0030484415,0
20.1,21,0,446.5,0.0030484415,0
20.1,21,0,445,0.0030484415,0
20.1,21,0,442,0.0030484415,0
20.1666666667,21,0,439,0.0030611054,0
20.2,21,0,441,0.0030674547,0
20.2,20.9633333333,0,445.6666666667,0.0030620725,0
20.2,20.89,0,446,0.0030513083,0
20.2,20.8566666667,0,443.6666666667,0.0030464156,0
20.2,20.89,0,439,0.0030513083,0
20.2,20.79,0,441,0.0030366304,0
20.2,20.79,0,442,0.0030366304,0
20.2,20.745,0,443.5,0.0030300256,0
20.245,20.84,0,443,0.0030524932,0
20.245,20.84,0,442,0.0030524932,0
20.29,20.89,0,443,0.0030684185,0
20.29,20.89,0,444,0.0030684185,0
20.29,20.79,0,443,0.0030536579,0
20.29,20.79,0,442,0.0030536579,0
20.29,20.79,0,443,0.0030536579,0
20.29,20.79,0,441,0.0030536579,0
20.29,20.79,0,446.3333333333,0.0030536579,0
20.29,20.7,0,446,0.003040374,0
20.29,20.7,0,439,0.003040374,0
20.3566666667,20.7,0,444.3333333333,0.0030529857,0
20.29,20.65,0,446,0.0030329943,0
20.29,20.7,0,442,0.003040374,0
20.29,20.7,0,441.5,0.003040374,0
20.29,20.7,0,440.5,0.003040374,0
20.29,20.7,0,443.5,0.003040374,0
20.29,20.7,0,440.5,0.003040374,0
20.29,20.7,0,437.5,0.003040374,0
20.29,20.7,0,438,0.003040374,0
20.29,20.7,0,443,0.003040374,0
20.26,20.7,0,443,0.0030347137,0
20.29,20.7,0,436.3333333333,0.003040374,0
20.29,20.76,0,438.3333333333,0.0030492299,0
20.29,20.7,0,437,0.003040374,0
20.29,20.7,0,439,0.003040374,0
20.245,20.7,0,436,0.003031887,0
20.29,20.7,0,432.5,0.003040374,0
20.23,20.6333333333,0,435,0.0030192599,0
20.245,20.65,0,442,0.003024528,0
20.2,20.6,0,444.5,0.0030087444,0
20.29,20.7,0,447,0.003040374,0
20.2,20.6,0,446,0.0030087444,0
20.23,20.5666666667,0,442.3333333333,0.0030094574,0
20.245,20.55,0,440,0.0030098105,0
20.29,20.6,0,440,0.0030256147,0
20.26,20.4966666667,0,439.6666666667,0.0030047601,0
20.29,20.5,0,442,0.0030108562,0
20.29,20.55,0,441,0.0030182354,0
20.29,20.6,0,441,0.0030256147,0
20.29,20.5,0,441.75,0.0030108562,0
20.3233333333,20.5,0,442,0.0030170948,0
20.39,20.445,0,443,0.0030214386,0
20.39,20.39,0,443,0.0030132711,0
20.39,20.29,0,440,0.0029984217,0
20.39,20.2,0,441,0.0029850578,0
20.39,20.2,0,439,0.0029850578,0
20.39,20.2,0,436,0.0029850578,0
20.39,20.1,0,433.5,0.0029702097,0
20.39,20.1,0,435,0.0029702097,0
20.39,20.05,0,434,0.0029627859,0
20.34,20.05,0,438.5,0.0029536061,0
20.39,20.05,0,440,0.0029627859,0
20.39,20,0,439,0.0029553623,0
20.39,20,0,440.5,0.0029553623,0
20.39,20,0,433,0.0029553623,0
20.39,19.945,0,436.5,0.0029471966,0
20.5,19.89,0,438,0.0029591517,0
20.4266666667,19.9266666667,0,438,0.0029511806,0
20.5,19.89,0,441,0.0029591517,0
20.5,19.89,0,434,0.0029591517,0
20.5,19.89,0,439.5,0.0029591517,0
20.5,19.89,0,438,0.0029591517,0
20.5,19.89,0,435.5,0.0029591517,0
20.5,19.89,0,436,0.0029591517,0
20.5,19.89,0,439.5,0.0029591517,0
20.5,19.89,0,439.5,0.0029591517,0
20.5,19.89,0,438.5,0.0029591517,0
20.5,19.89,0,435,0.0029591517,0
20.5,19.745,0,435,0.0029374773,0
20.5,19.79,0,436,0.0029442037,0
20.55,19.84,0,433,0.0029608401,0
20.5,19.79,0,433.6666666667,0.0029442037,0
20.5,19.745,0,431.5,0.0029374773,0
20.5,19.65,0,436.5,0.0029232777,0
20.5,19.7,0,437,0.0029307511,0
20.6,19.6,0,435,0.0029339303,0
20.5,19.745,0,437,0.0029374773,0
20.6,19.6,0,433,0.0029339303,0
20.5,19.65,0,431.5,0.0029232777,0
20.5,19.65,0,432,0.0029232777,0
20.55,19.65,0,429,0.0029323516,0
20.55,19.6,0,430,0.002924855,0
20.5,19.6,0,430.5,0.0029158045,0
20.55,19.6,0,433,0.002924855,0
20.6,19.6,0,436,0.0029339303,0
20.6,19.53,0,435,0.0029234028,0
20.6,19.445,0,434,0.0029106198,0
20.5,19.55,0,434,0.0029083314,0
20.5,19.6,0,435,0.0029158045,0
20.6,19.6,0,438,0.0029339303,0
20.6,19.5,0,440,0.0029188911,0
20.5666666667,19.5333333333,0,436.6666666667,0.0029178719,0
20.5666666667,19.5,0,437.6666666667,0.0029128693,0
20.5666666667,19.5,0,437,0.0029128693,0
20.6,19.5,0,433,0.0029188911,0
20.6,19.445,0,435.5,0.0029106198,0
20.6,19.5,0,435,0.0029188911,0
20.6,19.5,0,437,0.0029188911,0
20.6,19.34,0,436,0.0028948297,0
20.5,19.34,0,438,0.0028769465,0
20.6,19.5,0,440,0.0029188911,0
20.55,19.445,0,438.5,0.0029016169,0
20.55,19.39,0,436,0.0028933715,0
20.6,19.34,0,433,0.0028948297,0
20.5,19.39,0,432.5,0.0028844188,0
20.5,19.39,0,434.5,0.0028844188,0
20.55,19.29,0,433.5,0.0028783805,0
20.6,19.39,0,433.5,0.0029023487,0
20.6,19.295,0,434.5,0.0028880628,0
20.6,19.29,0,434,0.0028873109,0
20.6,19.29,0,435,0.0028873109,0
20.5,19.34,0,431,0.0028769465,0
20.5,19.29,0,431.5,0.0028694744,0
20.4633333333,19.2266666667,0,432.6666666667,0.0028535158,0
20.5,19.39,0,436,0.0028844188,0
20.5,19.39,0,436,0.0028844188,0
20.5,19.245,0,441.5,0.0028627496,0
20.5,19.2,0,434,0.002856025,0
20.39,19.29,0,433.5,0.0028499663,0
20.4266666667,19.29,0,429.3333333333,0.002856456,0
20.5,19.29,0,434.5,0.0028694744,0
20.5,19.2,0,433.5,0.002856025,0
20.5,19.15,0,435.5,0.0028485534,0
20.445,19.05,0,435,0.0028239646,0
20.39,19.1666666667,0,434,0.0028316616,0
20.39,19.245,0,430.5,0.0028432874,0
20.39,19.2,0,426,0.0028366087,0
20.5,19.2,0,429,0.002856025,0
20.5,19.2,0,435.5,0.002856025,0
20.5,19.2,0,433.5,0.002856025,0
20.5,19.2,0,427.5,0.002856025,0
20.5333333333,19.1666666667,0,429.6666666667,0.0028569403,0
20.525,19.175,0,433,0.0028567124,0
20.5,19.1,0,432.5,0.0028410819,0
20.5,19.1,0,431,0.0028410819,0
20.5333333333,19.1,0,433.3333333333,0.0028469577,0
20.5,19.1,0,433,0.0028410819,0
20.5,19.1,0,434,0.0028410819,0
20.5,19.1,0,437,0.0028410819,0
20.5,19.1,0,437,0.0028410819,0
20.5,19.1,0,439,0.0028410819,0
20.5333333333,18.9633333333,0,432.3333333333,0.0028264942,0
20.525,19.075,0,432,0.0028417462,0